ID,Time,API Call ID,Estimated Speedup,"Runtime Improvement""""(55187.7)","Issues Detected""""(27)",Function Name,Mangled Name,Demangled Name,Original Demangled Name,Process,Thread ID,Device Name,CUprogram,CUfunction,Grid Offset,Grid Size,Block Size,Grid Dimensions,"gpc__cycles_elapsed.max [cycle]""""(115190)","gpu__time_duration.sum [us]""""(60128)",sm__throughput.avg.pct_of_peak_sustained_elapsed [%],gpu__compute_memory_throughput.avg.pct_of_peak_sustained_elapsed [%],FBSP.TriageSCG.dramc__read_throughput.avg.pct_of_peak_sustained_elapsed [%],FBSP.TriageSCG.dramc__throughput.avg.pct_of_peak_sustained_elapsed [%],FBSP.TriageSCG.dramc__write_throughput.avg.pct_of_peak_sustained_elapsed [%],"FE_B.TriageAC.gr__ctas_launched_queue_sync.sum [block]""""(48)",LTS.TriageSCG.lts__average_t_sector_hit_rate_realtime.pct [%],LTS.TriageSCG.lts__throughput.avg.pct_of_peak_sustained_elapsed [%],"SM_A.TriageAC.l1tex__data_pipe_lsu_wavefronts.avg""""(1130.33)","SM_A.TriageAC.l1tex__lsu_writeback_active.avg [cycle]""""(729.043)","SM_A.TriageAC.sm__cycles_active.avg [cycle]""""(50854.2)",SM_A.TriageAC.sm__inst_executed_realtime.avg.per_cycle_active [inst/cycle],SM_A.TriageSCG.l1tex__throughput.avg.pct_of_peak_sustained_elapsed [%],SM_A.TriageSCG.sm__inst_executed_pipe_alu_realtime.avg.pct_of_peak_sustained_elapsed [%],SM_B.TriageAC.l1tex__t_sector_hit_rate.pct [%],SM_C.TriageSCG.smsp__inst_executed_pipe_fmaheavy.avg.pct_of_peak_sustained_elapsed [%],SM_C.TriageSCG.smsp__inst_executed_pipe_fmalite.avg.pct_of_peak_sustained_elapsed [%],TriageAC.tpc__warps_active_realtime.avg.per_cycle_active [warp],TriageAC.tpc__warps_active_realtime.sum.per_cycle_active [warp],TriageSCG.sm__throughput.avg.pct_of_peak_sustained_elapsed [%],breakdown:gpu__compute_memory_throughput.avg.pct_of_peak_sustained_elapsed,breakdown:gpu__compute_memory_throughput.max.pct_of_peak_sustained_elapsed,breakdown:gpu__compute_memory_throughput.min.pct_of_peak_sustained_elapsed,breakdown:gpu__compute_memory_throughput.sum.pct_of_peak_sustained_elapsed,breakdown:sm__throughput.avg.pct_of_peak_sustained_elapsed,breakdown:sm__throughput.max.pct_of_peak_sustained_elapsed,breakdown:sm__throughput.min.pct_of_peak_sustained_elapsed,breakdown:sm__throughput.sum.pct_of_peak_sustained_elapsed,c2clink__enabled_mask,c2clink__present,derived__avg_thread_executed [thread],derived__avg_thread_executed_true [thread],derived__memory_l1_conflicts_shared_nway,"derived__memory_l1_wavefronts_shared_excessive""""(0)",derived__memory_l2_theoretical_sectors_global_excessive [byte],derived__sm__sass_thread_inst_executed_op_dfma_pred_on_x2 [inst],derived__sm__sass_thread_inst_executed_op_ffma_pred_on_x2 [inst],derived__smsp__inst_executed_op_branch_pct [%],derived__smsp__sass_thread_inst_executed_op_dfma_pred_on_x2 [inst],derived__smsp__sass_thread_inst_executed_op_ffma_pred_on_x2 [inst],device__attribute_architecture,device__attribute_async_engine_count,device__attribute_can_flush_remote_writes,device__attribute_can_map_host_memory,device__attribute_can_tex2d_gather,device__attribute_can_use_64_bit_stream_mem_ops,device__attribute_can_use_64_bit_stream_mem_ops_v1,device__attribute_can_use_host_pointer_for_registered_mem,device__attribute_can_use_stream_mem_ops_v1,device__attribute_can_use_stream_wait_value_nor,device__attribute_can_use_stream_wait_value_nor_v1,device__attribute_chip,device__attribute_clock_rate,device__attribute_cluster_launch,device__attribute_compute_capability_major,device__attribute_compute_capability_minor,device__attribute_compute_mode,device__attribute_compute_preemption_supported,device__attribute_concurrent_kernels,device__attribute_concurrent_managed_access,device__attribute_confidential_computing_mode,device__attribute_cooperative_launch,device__attribute_cooperative_multi_device_launch,device__attribute_deferred_mapping_cuda_array_supported,device__attribute_device_index,device__attribute_direct_managed_mem_access_from_host,device__attribute_display_name,device__attribute_dma_buf_supported,device__attribute_ecc_enabled,device__attribute_fb_bus_width,device__attribute_fbp_count,device__attribute_generic_compression_supported,device__attribute_global_l1_cache_supported,device__attribute_global_memory_bus_width,device__attribute_gpu_direct_rdma_flush_writes_options,device__attribute_gpu_direct_rdma_supported,device__attribute_gpu_direct_rdma_with_cuda_vmm_supported,device__attribute_gpu_direct_rdma_writes_ordering,device__attribute_gpu_overlap,device__attribute_gpu_pci_device_id,device__attribute_gpu_pci_ext_device_id,device__attribute_gpu_pci_ext_downstream_link_rate,device__attribute_gpu_pci_ext_downstream_link_width,device__attribute_gpu_pci_ext_gen,device__attribute_gpu_pci_ext_gpu_gen,device__attribute_gpu_pci_ext_gpu_link_rate,device__attribute_gpu_pci_ext_gpu_link_width,device__attribute_gpu_pci_revision_id,device__attribute_gpu_pci_sub_system_id,device__attribute_handle_type_posix_file_descriptor_supported,device__attribute_handle_type_win32_handle_supported,device__attribute_handle_type_win32_kmt_handle_supported,device__attribute_host_native_atomic_supported,device__attribute_host_numa_id,device__attribute_host_register_supported,device__attribute_implementation,device__attribute_integrated,device__attribute_ipc_event_supported,device__attribute_kernel_exec_timeout,device__attribute_l2_cache_size,device__attribute_l2s_count,device__attribute_limits_max_cta_per_sm,device__attribute_local_l1_cache_supported,device__attribute_managed_memory,device__attribute_max_access_policy_window_size,device__attribute_max_block_dim_x,device__attribute_max_block_dim_y,device__attribute_max_block_dim_z,device__attribute_max_blocks_per_multiprocessor,device__attribute_max_gpu_frequency_khz,device__attribute_max_grid_dim_x,device__attribute_max_grid_dim_y,device__attribute_max_grid_dim_z,device__attribute_max_ipc_per_multiprocessor,device__attribute_max_ipc_per_scheduler,device__attribute_max_mem_frequency_khz,device__attribute_max_persisting_l2_cache_size,device__attribute_max_pitch,device__attribute_max_registers_per_block,device__attribute_max_registers_per_multiprocessor,device__attribute_max_registers_per_thread,device__attribute_max_shared_memory_per_block,device__attribute_max_shared_memory_per_block_optin,device__attribute_max_shared_memory_per_multiprocessor,device__attribute_max_threads_per_block,device__attribute_max_threads_per_multiprocessor,device__attribute_max_warps_per_multiprocessor,device__attribute_max_warps_per_scheduler,device__attribute_maximum_surface1d_layered_layers,device__attribute_maximum_surface1d_layered_width,device__attribute_maximum_surface1d_width,device__attribute_maximum_surface2d_height,device__attribute_maximum_surface2d_layered_height,device__attribute_maximum_surface2d_layered_layers,device__attribute_maximum_surface2d_layered_width,device__attribute_maximum_surface2d_width,device__attribute_maximum_surface3d_depth,device__attribute_maximum_surface3d_height,device__attribute_maximum_surface3d_width,device__attribute_maximum_surfacecubemap_layered_layers,device__attribute_maximum_surfacecubemap_layered_width,device__attribute_maximum_surfacecubemap_width,device__attribute_maximum_texture1d_layered_layers,device__attribute_maximum_texture1d_layered_width,device__attribute_maximum_texture1d_linear_width,device__attribute_maximum_texture1d_mipmapped_width,device__attribute_maximum_texture1d_width,device__attribute_maximum_texture2d_gather_height,device__attribute_maximum_texture2d_gather_width,device__attribute_maximum_texture2d_height,device__attribute_maximum_texture2d_layered_height,device__attribute_maximum_texture2d_layered_layers,device__attribute_maximum_texture2d_layered_width,device__attribute_maximum_texture2d_linear_height,device__attribute_maximum_texture2d_linear_pitch,device__attribute_maximum_texture2d_linear_width,device__attribute_maximum_texture2d_mipmapped_height,device__attribute_maximum_texture2d_mipmapped_width,device__attribute_maximum_texture2d_width,device__attribute_maximum_texture3d_depth,device__attribute_maximum_texture3d_depth_alternate,device__attribute_maximum_texture3d_height,device__attribute_maximum_texture3d_height_alternate,device__attribute_maximum_texture3d_width,device__attribute_maximum_texture3d_width_alternate,device__attribute_maximum_texturecubemap_layered_layers,device__attribute_maximum_texturecubemap_layered_width,device__attribute_maximum_texturecubemap_width,device__attribute_mem_sync_domain_count,device__attribute_memory_clock_rate,device__attribute_memory_pools_supported,device__attribute_mempool_supported_handle_types,device__attribute_mps_enabled,device__attribute_multi_gpu_board,device__attribute_multi_gpu_board_group_id,device__attribute_multicast_supported,device__attribute_multiprocessor_count,device__attribute_num_l2s_per_fbp,device__attribute_num_schedulers_per_multiprocessor,device__attribute_num_tex_per_multiprocessor,device__attribute_numa_config,device__attribute_pageable_memory_access,device__attribute_pageable_memory_access_uses_host_page_tables,device__attribute_pci_bus_id,device__attribute_pci_device_id,device__attribute_pci_domain_id,device__attribute_ram_location,device__attribute_ram_type,device__attribute_reserved_shared_memory_per_block,device__attribute_sass_level,device__attribute_single_to_double_precision_perf_ratio,device__attribute_sparse_cuda_array_supported,device__attribute_stream_priorities_supported,device__attribute_surface_alignment,device__attribute_tcc_driver,device__attribute_tensor_map_access_supported,device__attribute_texture_alignment,device__attribute_texture_pitch_alignment,device__attribute_total_constant_memory,device__attribute_total_memory,device__attribute_unified_addressing,device__attribute_unified_function_pointers,device__attribute_virtual_address_management_supported,device__attribute_warp_size,dram__bytes.avg.peak_sustained [byte/cycle],dram__bytes.avg.per_second [Gbyte/s],dram__bytes.max.peak_sustained [byte/cycle],dram__bytes.max.per_second [Gbyte/s],dram__bytes.min.peak_sustained [byte/cycle],dram__bytes.min.per_second [Mbyte/s],dram__bytes.sum.peak_sustained [byte/cycle],dram__bytes.sum.per_second [Gbyte/s],"dram__bytes_read.sum [Kbyte]""""(304640)",dram__bytes_read.sum.pct_of_peak_sustained_elapsed [%],dram__bytes_read.sum.per_second [Gbyte/s],"dram__bytes_write.sum [byte]""""(0)",dram__bytes_write.sum.pct_of_peak_sustained_elapsed [%],dram__bytes_write.sum.per_second [byte/s],"dram__cycles_active.avg [cycle]""""(6346.67)",dram__cycles_active.avg.pct_of_peak_sustained_elapsed [%],"dram__cycles_active.max [cycle]""""(6976)",dram__cycles_active.max.pct_of_peak_sustained_elapsed [%],"dram__cycles_active.min [cycle]""""(5600)",dram__cycles_active.min.pct_of_peak_sustained_elapsed [%],"dram__cycles_active.sum [cycle]""""(38080)",dram__cycles_active.sum.pct_of_peak_sustained_elapsed [%],"dram__cycles_elapsed.avg [cycle]""""(614571)",dram__cycles_elapsed.avg.per_second [Ghz],"dram__cycles_elapsed.max [cycle]""""(614912)",dram__cycles_elapsed.max.per_second [Ghz],"dram__cycles_elapsed.min [cycle]""""(613888)",dram__cycles_elapsed.min.per_second [Ghz],"dram__cycles_elapsed.sum [cycle]""""(3.68742e+06)",dram__cycles_elapsed.sum.per_second [Ghz],"dram__sectors_read.sum [sector]""""(9520)","dram__sectors_write.sum [sector]""""(0)",fbpa__dram_sectors.avg.pct_of_peak_sustained_elapsed [%],fbpa__dram_sectors.max.pct_of_peak_sustained_elapsed [%],fbpa__dram_sectors.min.pct_of_peak_sustained_elapsed [%],fbpa__dram_sectors.sum.pct_of_peak_sustained_elapsed [%],"gpc__cycles_elapsed.avg [cycle]""""(115185)",gpc__cycles_elapsed.avg.per_second [Ghz],gpc__cycles_elapsed.max.per_second [Ghz],"gpc__cycles_elapsed.min [cycle]""""(115180)",gpc__cycles_elapsed.min.per_second [Ghz],"gpc__cycles_elapsed.sum [cycle]""""(460740)",gpc__cycles_elapsed.sum.per_second [Ghz],gpu__compute_memory_access_throughput.avg.pct_of_peak_sustained_elapsed [%],gpu__compute_memory_access_throughput.max.pct_of_peak_sustained_elapsed [%],gpu__compute_memory_access_throughput.min.pct_of_peak_sustained_elapsed [%],gpu__compute_memory_access_throughput.sum.pct_of_peak_sustained_elapsed [%],gpu__compute_memory_access_throughput_internal_activity.avg.pct_of_peak_sustained_elapsed [%],gpu__compute_memory_access_throughput_internal_activity.max.pct_of_peak_sustained_elapsed [%],gpu__compute_memory_access_throughput_internal_activity.min.pct_of_peak_sustained_elapsed [%],gpu__compute_memory_access_throughput_internal_activity.sum.pct_of_peak_sustained_elapsed [%],gpu__compute_memory_request_throughput.avg.pct_of_peak_sustained_elapsed [%],gpu__compute_memory_request_throughput.max.pct_of_peak_sustained_elapsed [%],gpu__compute_memory_request_throughput.min.pct_of_peak_sustained_elapsed [%],gpu__compute_memory_request_throughput.sum.pct_of_peak_sustained_elapsed [%],gpu__compute_memory_request_throughput_internal_activity.avg.pct_of_peak_sustained_elapsed [%],gpu__compute_memory_request_throughput_internal_activity.max.pct_of_peak_sustained_elapsed [%],gpu__compute_memory_request_throughput_internal_activity.min.pct_of_peak_sustained_elapsed [%],gpu__compute_memory_request_throughput_internal_activity.sum.pct_of_peak_sustained_elapsed [%],gpu__compute_memory_throughput.max.pct_of_peak_sustained_elapsed [%],gpu__compute_memory_throughput.min.pct_of_peak_sustained_elapsed [%],gpu__compute_memory_throughput.sum.pct_of_peak_sustained_elapsed [%],gpu__dram_throughput.avg.pct_of_peak_sustained_elapsed [%],gpu__dram_throughput.max.pct_of_peak_sustained_elapsed [%],gpu__dram_throughput.min.pct_of_peak_sustained_elapsed [%],gpu__dram_throughput.sum.pct_of_peak_sustained_elapsed [%],"gpu__time_duration.avg [us]""""(60128)","gpu__time_duration.max [us]""""(60128)","gpu__time_duration.min [us]""""(60128)",group:memory__chart,group:memory__dram_table,group:memory__first_level_cache_table,group:memory__l2_cache_evict_policy_table,group:memory__l2_cache_table,group:memory__shared_table,group:smsp__pcsamp_warp_stall_reasons,group:smsp__pcsamp_warp_stall_reasons_not_issued,idc__request_cycles_active.avg.pct_of_peak_sustained_elapsed [%],idc__request_cycles_active.max.pct_of_peak_sustained_elapsed [%],idc__request_cycles_active.min.pct_of_peak_sustained_elapsed [%],idc__request_cycles_active.sum.pct_of_peak_sustained_elapsed [%],"inst_executed [inst]""""(284800)","l1tex__cycles_active.avg [cycle]""""(50839.8)","l1tex__cycles_active.max [cycle]""""(110919)","l1tex__cycles_active.min [cycle]""""(0)","l1tex__cycles_active.sum [cycle]""""(2.33863e+06)","l1tex__cycles_elapsed.avg [cycle]""""(115185)","l1tex__cycles_elapsed.max [cycle]""""(115190)","l1tex__cycles_elapsed.min [cycle]""""(115180)","l1tex__cycles_elapsed.sum [cycle]""""(5.29852e+06)","l1tex__data_bank_conflicts_pipe_lsu_mem_shared.sum""""(0)","l1tex__data_bank_conflicts_pipe_lsu_mem_shared_op_atom.sum""""(0)","l1tex__data_bank_conflicts_pipe_lsu_mem_shared_op_ld.sum""""(0)","l1tex__data_bank_conflicts_pipe_lsu_mem_shared_op_st.sum""""(0)",l1tex__data_bank_reads.avg.pct_of_peak_sustained_elapsed [%],l1tex__data_bank_reads.max.pct_of_peak_sustained_elapsed [%],l1tex__data_bank_reads.min.pct_of_peak_sustained_elapsed [%],l1tex__data_bank_reads.sum.pct_of_peak_sustained_elapsed [%],l1tex__data_bank_writes.avg.pct_of_peak_sustained_elapsed [%],l1tex__data_bank_writes.max.pct_of_peak_sustained_elapsed [%],l1tex__data_bank_writes.min.pct_of_peak_sustained_elapsed [%],l1tex__data_bank_writes.sum.pct_of_peak_sustained_elapsed [%],l1tex__data_pipe_lsu_wavefronts.avg.pct_of_peak_sustained_elapsed [%],l1tex__data_pipe_lsu_wavefronts.max.pct_of_peak_sustained_elapsed [%],l1tex__data_pipe_lsu_wavefronts.min.pct_of_peak_sustained_elapsed [%],l1tex__data_pipe_lsu_wavefronts.sum.pct_of_peak_sustained_elapsed [%],"l1tex__data_pipe_lsu_wavefronts_mem_shared.sum""""(768)",l1tex__data_pipe_lsu_wavefronts_mem_shared.sum.pct_of_peak_sustained_elapsed [%],"l1tex__data_pipe_lsu_wavefronts_mem_shared_op_atom.sum""""(0)",l1tex__data_pipe_lsu_wavefronts_mem_shared_op_atom.sum.pct_of_peak_sustained_elapsed [%],"l1tex__data_pipe_lsu_wavefronts_mem_shared_op_ld.sum""""(0)",l1tex__data_pipe_lsu_wavefronts_mem_shared_op_ld.sum.pct_of_peak_sustained_elapsed [%],"l1tex__data_pipe_lsu_wavefronts_mem_shared_op_st.sum""""(0)",l1tex__data_pipe_lsu_wavefronts_mem_shared_op_st.sum.pct_of_peak_sustained_elapsed [%],l1tex__data_pipe_tex_wavefronts.avg.pct_of_peak_sustained_elapsed [%],l1tex__data_pipe_tex_wavefronts.max.pct_of_peak_sustained_elapsed [%],l1tex__data_pipe_tex_wavefronts.min.pct_of_peak_sustained_elapsed [%],l1tex__data_pipe_tex_wavefronts.sum.pct_of_peak_sustained_elapsed [%],l1tex__f_wavefronts.avg.pct_of_peak_sustained_elapsed [%],l1tex__f_wavefronts.max.pct_of_peak_sustained_elapsed [%],l1tex__f_wavefronts.min.pct_of_peak_sustained_elapsed [%],l1tex__f_wavefronts.sum.pct_of_peak_sustained_elapsed [%],l1tex__lsu_writeback_active.avg.pct_of_peak_sustained_elapsed [%],l1tex__lsu_writeback_active.max.pct_of_peak_sustained_elapsed [%],l1tex__lsu_writeback_active.min.pct_of_peak_sustained_elapsed [%],l1tex__lsu_writeback_active.sum.pct_of_peak_sustained_elapsed [%],"l1tex__lsu_writeback_active_mem_lg.sum [cycle]""""(66560)",l1tex__lsu_writeback_active_mem_lg.sum.pct_of_peak_sustained_elapsed [%],l1tex__lsuin_requests.avg.pct_of_peak_sustained_elapsed [%],l1tex__lsuin_requests.max.pct_of_peak_sustained_elapsed [%],l1tex__lsuin_requests.min.pct_of_peak_sustained_elapsed [%],l1tex__lsuin_requests.sum.pct_of_peak_sustained_elapsed [%],l1tex__m_l1tex2xbar_req_cycles_active.avg.pct_of_peak_sustained_elapsed [%],l1tex__m_l1tex2xbar_req_cycles_active.max.pct_of_peak_sustained_elapsed [%],l1tex__m_l1tex2xbar_req_cycles_active.min.pct_of_peak_sustained_elapsed [%],l1tex__m_l1tex2xbar_req_cycles_active.sum.pct_of_peak_sustained_elapsed [%],"l1tex__m_l1tex2xbar_write_bytes.sum [Mbyte]""""(4.24346e+06)",l1tex__m_l1tex2xbar_write_bytes.sum.pct_of_peak_sustained_elapsed [%],l1tex__m_l1tex2xbar_write_bytes.sum.per_second [Gbyte/s],"l1tex__m_l1tex2xbar_write_sectors_mem_global_op_atom.sum [sector]""""(0)",l1tex__m_l1tex2xbar_write_sectors_mem_global_op_atom.sum.pct_of_peak_sustained_elapsed [%],"l1tex__m_l1tex2xbar_write_sectors_mem_global_op_red.sum [sector]""""(0)",l1tex__m_l1tex2xbar_write_sectors_mem_global_op_red.sum.pct_of_peak_sustained_elapsed [%],"l1tex__m_l1tex2xbar_write_sectors_mem_lg_op_st.sum [sector]""""(132608)",l1tex__m_l1tex2xbar_write_sectors_mem_lg_op_st.sum.pct_of_peak_sustained_elapsed [%],"l1tex__m_l1tex2xbar_write_sectors_mem_surface_op_atom.sum [sector]""""(0)",l1tex__m_l1tex2xbar_write_sectors_mem_surface_op_atom.sum.pct_of_peak_sustained_elapsed [%],"l1tex__m_l1tex2xbar_write_sectors_mem_surface_op_red.sum [sector]""""(0)",l1tex__m_l1tex2xbar_write_sectors_mem_surface_op_red.sum.pct_of_peak_sustained_elapsed [%],"l1tex__m_l1tex2xbar_write_sectors_mem_surface_op_st.sum [sector]""""(0)",l1tex__m_l1tex2xbar_write_sectors_mem_surface_op_st.sum.pct_of_peak_sustained_elapsed [%],"l1tex__m_xbar2l1tex_read_bytes.sum [Kbyte]""""(688128)",l1tex__m_xbar2l1tex_read_bytes.sum.pct_of_peak_sustained_elapsed [%],l1tex__m_xbar2l1tex_read_bytes.sum.per_second [Gbyte/s],l1tex__m_xbar2l1tex_read_sectors.avg.pct_of_peak_sustained_elapsed [%],l1tex__m_xbar2l1tex_read_sectors.max.pct_of_peak_sustained_elapsed [%],l1tex__m_xbar2l1tex_read_sectors.min.pct_of_peak_sustained_elapsed [%],l1tex__m_xbar2l1tex_read_sectors.sum.pct_of_peak_sustained_elapsed [%],"l1tex__m_xbar2l1tex_read_sectors_mem_global_op_atom.sum [sector]""""(0)",l1tex__m_xbar2l1tex_read_sectors_mem_global_op_atom.sum.pct_of_peak_sustained_elapsed [%],"l1tex__m_xbar2l1tex_read_sectors_mem_lg_op_ld.sum [sector]""""(21504)",l1tex__m_xbar2l1tex_read_sectors_mem_lg_op_ld.sum.pct_of_peak_sustained_elapsed [%],"l1tex__m_xbar2l1tex_read_sectors_mem_surface_op_atom.sum [sector]""""(0)",l1tex__m_xbar2l1tex_read_sectors_mem_surface_op_atom.sum.pct_of_peak_sustained_elapsed [%],"l1tex__m_xbar2l1tex_read_sectors_mem_surface_op_ld.sum [sector]""""(0)",l1tex__m_xbar2l1tex_read_sectors_mem_surface_op_ld.sum.pct_of_peak_sustained_elapsed [%],"l1tex__m_xbar2l1tex_read_sectors_mem_texture.sum [sector]""""(0)",l1tex__m_xbar2l1tex_read_sectors_mem_texture.sum.pct_of_peak_sustained_elapsed [%],"l1tex__t_output_wavefronts_pipe_lsu_mem_global_op_atom.sum""""(0)",l1tex__t_output_wavefronts_pipe_lsu_mem_global_op_atom.sum.pct_of_peak_sustained_elapsed [%],"l1tex__t_output_wavefronts_pipe_lsu_mem_global_op_ld.sum""""(65792)",l1tex__t_output_wavefronts_pipe_lsu_mem_global_op_ld.sum.pct_of_peak_sustained_elapsed [%],"l1tex__t_output_wavefronts_pipe_lsu_mem_global_op_red.sum""""(0)",l1tex__t_output_wavefronts_pipe_lsu_mem_global_op_red.sum.pct_of_peak_sustained_elapsed [%],"l1tex__t_output_wavefronts_pipe_lsu_mem_global_op_st.sum""""(33152)",l1tex__t_output_wavefronts_pipe_lsu_mem_global_op_st.sum.pct_of_peak_sustained_elapsed [%],"l1tex__t_output_wavefronts_pipe_lsu_mem_local_op_ld.sum""""(0)",l1tex__t_output_wavefronts_pipe_lsu_mem_local_op_ld.sum.pct_of_peak_sustained_elapsed [%],"l1tex__t_output_wavefronts_pipe_lsu_mem_local_op_st.sum""""(0)",l1tex__t_output_wavefronts_pipe_lsu_mem_local_op_st.sum.pct_of_peak_sustained_elapsed [%],"l1tex__t_output_wavefronts_pipe_tex_mem_surface_op_atom.sum""""(0)",l1tex__t_output_wavefronts_pipe_tex_mem_surface_op_atom.sum.pct_of_peak_sustained_elapsed [%],"l1tex__t_output_wavefronts_pipe_tex_mem_surface_op_ld.sum""""(0)",l1tex__t_output_wavefronts_pipe_tex_mem_surface_op_ld.sum.pct_of_peak_sustained_elapsed [%],"l1tex__t_output_wavefronts_pipe_tex_mem_surface_op_red.sum""""(0)",l1tex__t_output_wavefronts_pipe_tex_mem_surface_op_red.sum.pct_of_peak_sustained_elapsed [%],"l1tex__t_output_wavefronts_pipe_tex_mem_surface_op_st.sum""""(0)",l1tex__t_output_wavefronts_pipe_tex_mem_surface_op_st.sum.pct_of_peak_sustained_elapsed [%],"l1tex__t_output_wavefronts_pipe_tex_mem_texture.sum""""(0)",l1tex__t_output_wavefronts_pipe_tex_mem_texture.sum.pct_of_peak_sustained_elapsed [%],"l1tex__t_requests_pipe_lsu_mem_global_op_atom.sum""""(0)",l1tex__t_requests_pipe_lsu_mem_global_op_atom.sum.pct_of_peak_sustained_elapsed [%],"l1tex__t_requests_pipe_lsu_mem_global_op_ld.sum""""(65792)",l1tex__t_requests_pipe_lsu_mem_global_op_ld.sum.pct_of_peak_sustained_elapsed [%],"l1tex__t_requests_pipe_lsu_mem_global_op_red.sum""""(0)",l1tex__t_requests_pipe_lsu_mem_global_op_red.sum.pct_of_peak_sustained_elapsed [%],"l1tex__t_requests_pipe_lsu_mem_global_op_st.sum""""(33152)",l1tex__t_requests_pipe_lsu_mem_global_op_st.sum.pct_of_peak_sustained_elapsed [%],"l1tex__t_requests_pipe_lsu_mem_local_op_ld.sum""""(0)",l1tex__t_requests_pipe_lsu_mem_local_op_ld.sum.pct_of_peak_sustained_elapsed [%],"l1tex__t_requests_pipe_lsu_mem_local_op_st.sum""""(0)",l1tex__t_requests_pipe_lsu_mem_local_op_st.sum.pct_of_peak_sustained_elapsed [%],"l1tex__t_requests_pipe_tex_mem_surface_op_atom.sum""""(0)",l1tex__t_requests_pipe_tex_mem_surface_op_atom.sum.pct_of_peak_sustained_elapsed [%],"l1tex__t_requests_pipe_tex_mem_surface_op_ld.sum""""(0)",l1tex__t_requests_pipe_tex_mem_surface_op_ld.sum.pct_of_peak_sustained_elapsed [%],"l1tex__t_requests_pipe_tex_mem_surface_op_red.sum""""(0)",l1tex__t_requests_pipe_tex_mem_surface_op_red.sum.pct_of_peak_sustained_elapsed [%],"l1tex__t_requests_pipe_tex_mem_surface_op_st.sum""""(0)",l1tex__t_requests_pipe_tex_mem_surface_op_st.sum.pct_of_peak_sustained_elapsed [%],"l1tex__t_requests_pipe_tex_mem_texture.sum""""(0)",l1tex__t_requests_pipe_tex_mem_texture.sum.pct_of_peak_sustained_elapsed [%],l1tex__t_sector_hit_rate.pct [%],l1tex__t_sector_pipe_lsu_mem_global_op_atom_hit_rate.pct [%],l1tex__t_sector_pipe_lsu_mem_global_op_ld_hit_rate.pct [%],l1tex__t_sector_pipe_lsu_mem_global_op_red_hit_rate.pct [%],l1tex__t_sector_pipe_lsu_mem_global_op_st_hit_rate.pct [%],l1tex__t_sector_pipe_lsu_mem_local_op_ld_hit_rate.pct [%],l1tex__t_sector_pipe_lsu_mem_local_op_st_hit_rate.pct [%],l1tex__t_sector_pipe_tex_mem_surface_op_atom_hit_rate.pct [%],l1tex__t_sector_pipe_tex_mem_surface_op_ld_hit_rate.pct [%],l1tex__t_sector_pipe_tex_mem_surface_op_red_hit_rate.pct [%],l1tex__t_sector_pipe_tex_mem_surface_op_st_hit_rate.pct [%],l1tex__t_sector_pipe_tex_mem_texture_op_tex_hit_rate.pct [%],"l1tex__t_sectors_pipe_lsu_mem_global_op_atom.sum [sector]""""(0)","l1tex__t_sectors_pipe_lsu_mem_global_op_atom_lookup_hit.sum [sector]""""(0)","l1tex__t_sectors_pipe_lsu_mem_global_op_atom_lookup_miss.sum [sector]""""(0)","l1tex__t_sectors_pipe_lsu_mem_global_op_ld.sum [sector]""""(164864)","l1tex__t_sectors_pipe_lsu_mem_global_op_ld_lookup_hit.sum [sector]""""(143360)","l1tex__t_sectors_pipe_lsu_mem_global_op_ld_lookup_miss.sum [sector]""""(21504)","l1tex__t_sectors_pipe_lsu_mem_global_op_red.sum [sector]""""(0)","l1tex__t_sectors_pipe_lsu_mem_global_op_red_lookup_hit.sum [sector]""""(0)","l1tex__t_sectors_pipe_lsu_mem_global_op_red_lookup_miss.sum [sector]""""(0)","l1tex__t_sectors_pipe_lsu_mem_global_op_st.sum [sector]""""(132608)","l1tex__t_sectors_pipe_lsu_mem_global_op_st_lookup_hit.sum [sector]""""(132096)","l1tex__t_sectors_pipe_lsu_mem_global_op_st_lookup_miss.sum [sector]""""(512)","l1tex__t_sectors_pipe_lsu_mem_local_op_ld.sum [sector]""""(0)","l1tex__t_sectors_pipe_lsu_mem_local_op_ld_lookup_hit.sum [sector]""""(0)","l1tex__t_sectors_pipe_lsu_mem_local_op_ld_lookup_miss.sum [sector]""""(0)","l1tex__t_sectors_pipe_lsu_mem_local_op_st.sum [sector]""""(0)","l1tex__t_sectors_pipe_lsu_mem_local_op_st_lookup_hit.sum [sector]""""(0)","l1tex__t_sectors_pipe_lsu_mem_local_op_st_lookup_miss.sum [sector]""""(0)","l1tex__t_sectors_pipe_tex_mem_surface_op_atom.sum [sector]""""(0)","l1tex__t_sectors_pipe_tex_mem_surface_op_atom_lookup_hit.sum [sector]""""(0)","l1tex__t_sectors_pipe_tex_mem_surface_op_atom_lookup_miss.sum [sector]""""(0)","l1tex__t_sectors_pipe_tex_mem_surface_op_ld.sum [sector]""""(0)","l1tex__t_sectors_pipe_tex_mem_surface_op_ld_lookup_hit.sum [sector]""""(0)","l1tex__t_sectors_pipe_tex_mem_surface_op_ld_lookup_miss.sum [sector]""""(0)","l1tex__t_sectors_pipe_tex_mem_surface_op_red.sum [sector]""""(0)","l1tex__t_sectors_pipe_tex_mem_surface_op_red_lookup_hit.sum [sector]""""(0)","l1tex__t_sectors_pipe_tex_mem_surface_op_red_lookup_miss.sum [sector]""""(0)","l1tex__t_sectors_pipe_tex_mem_surface_op_st.sum [sector]""""(0)","l1tex__t_sectors_pipe_tex_mem_surface_op_st_lookup_hit.sum [sector]""""(0)","l1tex__t_sectors_pipe_tex_mem_surface_op_st_lookup_miss.sum [sector]""""(0)","l1tex__t_sectors_pipe_tex_mem_texture.sum [sector]""""(0)","l1tex__t_sectors_pipe_tex_mem_texture_lookup_hit.sum [sector]""""(0)","l1tex__t_sectors_pipe_tex_mem_texture_lookup_miss.sum [sector]""""(0)",l1tex__tex_writeback_active.avg.pct_of_peak_sustained_elapsed [%],l1tex__tex_writeback_active.max.pct_of_peak_sustained_elapsed [%],l1tex__tex_writeback_active.min.pct_of_peak_sustained_elapsed [%],"l1tex__tex_writeback_active.sum [cycle]""""(0)",l1tex__tex_writeback_active.sum.pct_of_peak_sustained_elapsed [%],l1tex__texin_sm2tex_req_cycles_active.avg.pct_of_peak_sustained_elapsed [%],l1tex__texin_sm2tex_req_cycles_active.max.pct_of_peak_sustained_elapsed [%],l1tex__texin_sm2tex_req_cycles_active.min.pct_of_peak_sustained_elapsed [%],l1tex__texin_sm2tex_req_cycles_active.sum.pct_of_peak_sustained_elapsed [%],l1tex__throughput.avg.pct_of_peak_sustained_active [%],l1tex__throughput.avg.pct_of_peak_sustained_elapsed [%],l1tex__throughput.max.pct_of_peak_sustained_active [%],l1tex__throughput.max.pct_of_peak_sustained_elapsed [%],l1tex__throughput.min.pct_of_peak_sustained_active [%],l1tex__throughput.min.pct_of_peak_sustained_elapsed [%],l1tex__throughput.sum.pct_of_peak_sustained_active [%],l1tex__throughput.sum.pct_of_peak_sustained_elapsed [%],launch__block_dim_x [block],launch__block_dim_y [block],launch__block_dim_z [block],launch__block_size,launch__context_id,launch__device_id,launch__func_cache_config,launch__function_pcs,launch__grid_dim_x,launch__grid_dim_y,launch__grid_dim_z,launch__grid_size,launch__kernel_name,launch__occupancy_limit_blocks [block],launch__occupancy_limit_registers [block],launch__occupancy_limit_shared_mem [block],launch__occupancy_limit_warps [block],launch__occupancy_per_block_size,launch__occupancy_per_register_count,launch__occupancy_per_shared_mem_size,launch__registers_per_thread [register/thread],launch__registers_per_thread_allocated [register/thread],"launch__shared_mem_config_size [Kbyte]""""(32768)",launch__shared_mem_per_block [Kbyte/block],launch__shared_mem_per_block_allocated [Kbyte/block],launch__shared_mem_per_block_driver [Kbyte/block],launch__shared_mem_per_block_dynamic [byte/block],launch__shared_mem_per_block_static [byte/block],launch__sm_count [SM],launch__stream_id,"launch__thread_count [thread]""""(12288)",launch__uses_cdp,launch__uses_green_context,launch__uses_vgpu,launch__waves_per_multiprocessor,lts__average_gcomp_input_sector_success_rate.pct [%],lts__average_gcomp_output_sector_compression_achieved_rate.ratio,"lts__cycles_active.avg [cycle]""""(35140.2)","lts__cycles_active.max [cycle]""""(46630)","lts__cycles_active.min [cycle]""""(27006)","lts__cycles_active.sum [cycle]""""(632524)","lts__cycles_elapsed.avg [cycle]""""(102583)","lts__cycles_elapsed.max [cycle]""""(102583)","lts__cycles_elapsed.min [cycle]""""(102583)","lts__cycles_elapsed.sum [cycle]""""(1.84649e+06)",lts__d_atomic_input_cycles_active.avg.pct_of_peak_sustained_elapsed [%],lts__d_atomic_input_cycles_active.max.pct_of_peak_sustained_elapsed [%],lts__d_atomic_input_cycles_active.min.pct_of_peak_sustained_elapsed [%],lts__d_atomic_input_cycles_active.sum.pct_of_peak_sustained_elapsed [%],lts__d_sectors.avg.pct_of_peak_sustained_elapsed [%],lts__d_sectors.max.pct_of_peak_sustained_elapsed [%],lts__d_sectors.min.pct_of_peak_sustained_elapsed [%],lts__d_sectors.sum.pct_of_peak_sustained_elapsed [%],lts__d_sectors_fill_device.avg.pct_of_peak_sustained_elapsed [%],lts__d_sectors_fill_device.max.pct_of_peak_sustained_elapsed [%],lts__d_sectors_fill_device.min.pct_of_peak_sustained_elapsed [%],lts__d_sectors_fill_device.sum.pct_of_peak_sustained_elapsed [%],lts__d_sectors_fill_sysmem.avg.pct_of_peak_sustained_elapsed [%],lts__d_sectors_fill_sysmem.max.pct_of_peak_sustained_elapsed [%],lts__d_sectors_fill_sysmem.min.pct_of_peak_sustained_elapsed [%],lts__d_sectors_fill_sysmem.sum.pct_of_peak_sustained_elapsed [%],"lts__gcomp_input_sectors.sum [sector]""""(0)",lts__gcomp_input_sectors.sum.pct_of_peak_sustained_elapsed [%],lts__gcomp_input_sectors.sum.per_second [sector/s],"lts__gcomp_output_sectors.sum [sector]""""(0)",lts__gcomp_output_sectors.sum.pct_of_peak_sustained_elapsed [%],lts__gcomp_output_sectors.sum.per_second [sector/s],lts__lts2xbar_cycles_active.avg.pct_of_peak_sustained_elapsed [%],lts__lts2xbar_cycles_active.max.pct_of_peak_sustained_elapsed [%],lts__lts2xbar_cycles_active.min.pct_of_peak_sustained_elapsed [%],lts__lts2xbar_cycles_active.sum.pct_of_peak_sustained_elapsed [%],"lts__t_requests.sum [request]""""(43049)","lts__t_requests_srcunit_tex.sum [request]""""(41600)","lts__t_requests_srcunit_tex_op_atom_dot_alu.sum [request]""""(0)","lts__t_requests_srcunit_tex_op_atom_dot_cas.sum [request]""""(0)","lts__t_requests_srcunit_tex_op_read.sum [request]""""(8448)","lts__t_requests_srcunit_tex_op_red.sum [request]""""(0)","lts__t_requests_srcunit_tex_op_write.sum [request]""""(33152)",lts__t_sector_hit_rate.pct [%],lts__t_sector_op_read_hit_rate.pct [%],lts__t_sector_op_write_hit_rate.pct [%],"lts__t_sectors.avg [sector]""""(8959.83)",lts__t_sectors.avg.pct_of_peak_sustained_elapsed [%],lts__t_sectors.avg.peak_sustained [sector/cycle],lts__t_sectors.avg.per_cycle_elapsed [sector/cycle],"lts__t_sectors.max [sector]""""(12248)",lts__t_sectors.max.pct_of_peak_sustained_elapsed [%],"lts__t_sectors.min [sector]""""(6237)",lts__t_sectors.min.pct_of_peak_sustained_elapsed [%],"lts__t_sectors.sum [sector]""""(161277)",lts__t_sectors.sum.pct_of_peak_sustained_elapsed [%],lts__t_sectors.sum.per_second [sector/ns],"lts__t_sectors_aperture_device_lookup_miss.sum [sector]""""(9408)","lts__t_sectors_aperture_peer_lookup_miss.sum [sector]""""(0)","lts__t_sectors_aperture_sysmem_lookup_miss.sum [sector]""""(0)",lts__t_sectors_data_ecc.avg.pct_of_peak_sustained_elapsed [%],lts__t_sectors_data_ecc.avg.peak_sustained [sector/cycle],lts__t_sectors_data_ecc.avg.per_cycle_elapsed [sector/cycle],"lts__t_sectors_data_ecc.sum [sector]""""(0)",lts__t_sectors_data_ecc.sum.per_second [sector/s],"lts__t_sectors_evict_first_lookup_hit.sum [sector]""""(687)","lts__t_sectors_evict_first_lookup_miss.sum [sector]""""(35476)","lts__t_sectors_evict_last_lookup_hit.sum [sector]""""(0)","lts__t_sectors_evict_last_lookup_miss.sum [sector]""""(0)","lts__t_sectors_evict_normal_demote_lookup_hit.sum [sector]""""(0)","lts__t_sectors_evict_normal_demote_lookup_miss.sum [sector]""""(0)","lts__t_sectors_evict_normal_lookup_hit.sum [sector]""""(150634)","lts__t_sectors_evict_normal_lookup_miss.sum [sector]""""(4848)","lts__t_sectors_lookup_hit.sum [sector]""""(151734)","lts__t_sectors_lookup_miss.sum [sector]""""(12768)",lts__t_sectors_srcunit_tex.avg.pct_of_peak_sustained_elapsed [%],lts__t_sectors_srcunit_tex.avg.peak_sustained [sector/cycle],lts__t_sectors_srcunit_tex.avg.per_cycle_elapsed [sector/cycle],lts__t_sectors_srcunit_tex.max.pct_of_peak_sustained_elapsed [%],lts__t_sectors_srcunit_tex.min.pct_of_peak_sustained_elapsed [%],"lts__t_sectors_srcunit_tex.sum [sector]""""(154112)",lts__t_sectors_srcunit_tex.sum.pct_of_peak_sustained_elapsed [%],lts__t_sectors_srcunit_tex.sum.per_second [sector/ns],"lts__t_sectors_srcunit_tex_aperture_device_lookup_miss.sum [sector]""""(4608)","lts__t_sectors_srcunit_tex_aperture_device_op_atom_dot_alu_lookup_miss.sum [sector]""""(0)","lts__t_sectors_srcunit_tex_aperture_device_op_atom_dot_cas_lookup_miss.sum [sector]""""(0)","lts__t_sectors_srcunit_tex_aperture_device_op_read_lookup_miss.sum [sector]""""(4608)","lts__t_sectors_srcunit_tex_aperture_device_op_red_lookup_miss.sum [sector]""""(0)","lts__t_sectors_srcunit_tex_aperture_device_op_write_lookup_miss.sum [sector]""""(0)","lts__t_sectors_srcunit_tex_aperture_peer_lookup_miss.avg [sector]""""(0)","lts__t_sectors_srcunit_tex_aperture_peer_lookup_miss.max [sector]""""(0)","lts__t_sectors_srcunit_tex_aperture_peer_lookup_miss.min [sector]""""(0)","lts__t_sectors_srcunit_tex_aperture_peer_lookup_miss.sum [sector]""""(0)","lts__t_sectors_srcunit_tex_aperture_peer_op_atom_dot_alu_lookup_miss.sum [sector]""""(0)","lts__t_sectors_srcunit_tex_aperture_peer_op_atom_dot_cas_lookup_miss.sum [sector]""""(0)","lts__t_sectors_srcunit_tex_aperture_peer_op_read_lookup_miss.sum [sector]""""(0)",lts__t_sectors_srcunit_tex_aperture_peer_op_read_lookup_miss.sum.pct_of_peak_sustained_elapsed [%],lts__t_sectors_srcunit_tex_aperture_peer_op_read_lookup_miss.sum.per_second [sector/s],"lts__t_sectors_srcunit_tex_aperture_peer_op_red_lookup_miss.sum [sector]""""(0)",lts__t_sectors_srcunit_tex_aperture_peer_op_red_lookup_miss.sum.pct_of_peak_sustained_elapsed [%],lts__t_sectors_srcunit_tex_aperture_peer_op_red_lookup_miss.sum.per_second [sector/s],"lts__t_sectors_srcunit_tex_aperture_peer_op_write_lookup_miss.sum [sector]""""(0)",lts__t_sectors_srcunit_tex_aperture_peer_op_write_lookup_miss.sum.pct_of_peak_sustained_elapsed [%],lts__t_sectors_srcunit_tex_aperture_peer_op_write_lookup_miss.sum.per_second [sector/s],"lts__t_sectors_srcunit_tex_aperture_sysmem_lookup_miss.avg [sector]""""(0)","lts__t_sectors_srcunit_tex_aperture_sysmem_lookup_miss.max [sector]""""(0)","lts__t_sectors_srcunit_tex_aperture_sysmem_lookup_miss.min [sector]""""(0)","lts__t_sectors_srcunit_tex_aperture_sysmem_lookup_miss.sum [sector]""""(0)","lts__t_sectors_srcunit_tex_aperture_sysmem_op_atom_dot_alu_lookup_miss.sum [sector]""""(0)","lts__t_sectors_srcunit_tex_aperture_sysmem_op_atom_dot_cas_lookup_miss.sum [sector]""""(0)","lts__t_sectors_srcunit_tex_aperture_sysmem_op_read_lookup_miss.sum [sector]""""(0)",lts__t_sectors_srcunit_tex_aperture_sysmem_op_read_lookup_miss.sum.pct_of_peak_sustained_elapsed [%],lts__t_sectors_srcunit_tex_aperture_sysmem_op_read_lookup_miss.sum.per_second [sector/s],"lts__t_sectors_srcunit_tex_aperture_sysmem_op_red_lookup_miss.sum [sector]""""(0)",lts__t_sectors_srcunit_tex_aperture_sysmem_op_red_lookup_miss.sum.pct_of_peak_sustained_elapsed [%],lts__t_sectors_srcunit_tex_aperture_sysmem_op_red_lookup_miss.sum.per_second [sector/s],"lts__t_sectors_srcunit_tex_aperture_sysmem_op_write_lookup_miss.sum [sector]""""(0)",lts__t_sectors_srcunit_tex_aperture_sysmem_op_write_lookup_miss.sum.pct_of_peak_sustained_elapsed [%],lts__t_sectors_srcunit_tex_aperture_sysmem_op_write_lookup_miss.sum.per_second [sector/s],"lts__t_sectors_srcunit_tex_evict_first_lookup_hit.sum [sector]""""(0)","lts__t_sectors_srcunit_tex_evict_first_lookup_miss.sum [sector]""""(0)","lts__t_sectors_srcunit_tex_evict_last_lookup_hit.sum [sector]""""(0)","lts__t_sectors_srcunit_tex_evict_last_lookup_miss.sum [sector]""""(0)","lts__t_sectors_srcunit_tex_evict_normal_demote_lookup_hit.sum [sector]""""(0)","lts__t_sectors_srcunit_tex_evict_normal_demote_lookup_miss.sum [sector]""""(0)","lts__t_sectors_srcunit_tex_evict_normal_lookup_hit.sum [sector]""""(149504)","lts__t_sectors_srcunit_tex_evict_normal_lookup_miss.sum [sector]""""(4608)","lts__t_sectors_srcunit_tex_lookup_hit.sum [sector]""""(149504)","lts__t_sectors_srcunit_tex_lookup_miss.avg [sector]""""(256)","lts__t_sectors_srcunit_tex_lookup_miss.max [sector]""""(288)","lts__t_sectors_srcunit_tex_lookup_miss.min [sector]""""(208)","lts__t_sectors_srcunit_tex_lookup_miss.sum [sector]""""(4608)",lts__t_sectors_srcunit_tex_op_atom_dot_alu.avg.pct_of_peak_sustained_elapsed [%],lts__t_sectors_srcunit_tex_op_atom_dot_alu.avg.peak_sustained [sector/cycle],lts__t_sectors_srcunit_tex_op_atom_dot_alu.avg.per_cycle_elapsed [sector/cycle],"lts__t_sectors_srcunit_tex_op_atom_dot_alu.sum [sector]""""(0)",lts__t_sectors_srcunit_tex_op_atom_dot_alu.sum.per_second [sector/s],"lts__t_sectors_srcunit_tex_op_atom_dot_alu_lookup_hit.sum [sector]""""(0)","lts__t_sectors_srcunit_tex_op_atom_dot_alu_lookup_miss.sum [sector]""""(0)",lts__t_sectors_srcunit_tex_op_atom_dot_cas.avg.pct_of_peak_sustained_elapsed [%],lts__t_sectors_srcunit_tex_op_atom_dot_cas.avg.peak_sustained [sector/cycle],lts__t_sectors_srcunit_tex_op_atom_dot_cas.avg.per_cycle_elapsed [sector/cycle],"lts__t_sectors_srcunit_tex_op_atom_dot_cas.sum [sector]""""(0)",lts__t_sectors_srcunit_tex_op_atom_dot_cas.sum.per_second [sector/s],"lts__t_sectors_srcunit_tex_op_atom_dot_cas_lookup_hit.sum [sector]""""(0)","lts__t_sectors_srcunit_tex_op_atom_dot_cas_lookup_miss.sum [sector]""""(0)","lts__t_sectors_srcunit_tex_op_atom_evict_first_lookup_hit.sum [sector]""""(0)","lts__t_sectors_srcunit_tex_op_atom_evict_first_lookup_miss.sum [sector]""""(0)","lts__t_sectors_srcunit_tex_op_atom_evict_last_lookup_hit.sum [sector]""""(0)","lts__t_sectors_srcunit_tex_op_atom_evict_last_lookup_miss.sum [sector]""""(0)","lts__t_sectors_srcunit_tex_op_atom_evict_normal_lookup_hit.sum [sector]""""(0)","lts__t_sectors_srcunit_tex_op_atom_evict_normal_lookup_miss.sum [sector]""""(0)",lts__t_sectors_srcunit_tex_op_read.avg.pct_of_peak_sustained_elapsed [%],lts__t_sectors_srcunit_tex_op_read.avg.peak_sustained [sector/cycle],lts__t_sectors_srcunit_tex_op_read.avg.per_cycle_elapsed [sector/cycle],"lts__t_sectors_srcunit_tex_op_read.sum [sector]""""(21504)",lts__t_sectors_srcunit_tex_op_read.sum.per_second [sector/us],"lts__t_sectors_srcunit_tex_op_read_evict_first_lookup_hit.sum [sector]""""(0)","lts__t_sectors_srcunit_tex_op_read_evict_first_lookup_miss.sum [sector]""""(0)","lts__t_sectors_srcunit_tex_op_read_evict_last_lookup_hit.sum [sector]""""(0)","lts__t_sectors_srcunit_tex_op_read_evict_last_lookup_miss.sum [sector]""""(0)","lts__t_sectors_srcunit_tex_op_read_evict_normal_demote_lookup_hit.sum [sector]""""(0)","lts__t_sectors_srcunit_tex_op_read_evict_normal_demote_lookup_miss.sum [sector]""""(0)","lts__t_sectors_srcunit_tex_op_read_evict_normal_lookup_hit.sum [sector]""""(16896)","lts__t_sectors_srcunit_tex_op_read_evict_normal_lookup_miss.sum [sector]""""(4608)","lts__t_sectors_srcunit_tex_op_read_lookup_hit.sum [sector]""""(16896)","lts__t_sectors_srcunit_tex_op_read_lookup_miss.sum [sector]""""(4608)",lts__t_sectors_srcunit_tex_op_red.avg.pct_of_peak_sustained_elapsed [%],lts__t_sectors_srcunit_tex_op_red.avg.peak_sustained [sector/cycle],lts__t_sectors_srcunit_tex_op_red.avg.per_cycle_elapsed [sector/cycle],"lts__t_sectors_srcunit_tex_op_red.sum [sector]""""(0)",lts__t_sectors_srcunit_tex_op_red.sum.per_second [sector/s],"lts__t_sectors_srcunit_tex_op_red_lookup_hit.sum [sector]""""(0)","lts__t_sectors_srcunit_tex_op_red_lookup_miss.sum [sector]""""(0)",lts__t_sectors_srcunit_tex_op_write.avg.pct_of_peak_sustained_elapsed [%],lts__t_sectors_srcunit_tex_op_write.avg.peak_sustained [sector/cycle],lts__t_sectors_srcunit_tex_op_write.avg.per_cycle_elapsed [sector/cycle],"lts__t_sectors_srcunit_tex_op_write.sum [sector]""""(132608)",lts__t_sectors_srcunit_tex_op_write.sum.per_second [sector/ns],"lts__t_sectors_srcunit_tex_op_write_evict_first_lookup_hit.sum [sector]""""(0)","lts__t_sectors_srcunit_tex_op_write_evict_first_lookup_miss.sum [sector]""""(0)","lts__t_sectors_srcunit_tex_op_write_evict_last_lookup_hit.sum [sector]""""(0)","lts__t_sectors_srcunit_tex_op_write_evict_last_lookup_miss.sum [sector]""""(0)","lts__t_sectors_srcunit_tex_op_write_evict_normal_demote_lookup_hit.sum [sector]""""(0)","lts__t_sectors_srcunit_tex_op_write_evict_normal_demote_lookup_miss.sum [sector]""""(0)","lts__t_sectors_srcunit_tex_op_write_evict_normal_lookup_hit.sum [sector]""""(132608)","lts__t_sectors_srcunit_tex_op_write_evict_normal_lookup_miss.sum [sector]""""(0)","lts__t_sectors_srcunit_tex_op_write_lookup_hit.sum [sector]""""(132608)","lts__t_sectors_srcunit_tex_op_write_lookup_miss.sum [sector]""""(0)",lts__t_tag_requests.avg.pct_of_peak_sustained_elapsed [%],lts__t_tag_requests.max.pct_of_peak_sustained_elapsed [%],lts__t_tag_requests.min.pct_of_peak_sustained_elapsed [%],lts__t_tag_requests.sum.pct_of_peak_sustained_elapsed [%],lts__throughput.avg.pct_of_peak_sustained_elapsed [%],lts__throughput.max.pct_of_peak_sustained_elapsed [%],lts__throughput.min.pct_of_peak_sustained_elapsed [%],lts__throughput.sum.pct_of_peak_sustained_elapsed [%],lts__xbar2lts_cycles_active.avg.pct_of_peak_sustained_elapsed [%],lts__xbar2lts_cycles_active.max.pct_of_peak_sustained_elapsed [%],lts__xbar2lts_cycles_active.min.pct_of_peak_sustained_elapsed [%],lts__xbar2lts_cycles_active.sum.pct_of_peak_sustained_elapsed [%],memory_access_size_type,memory_access_type,"memory_l1_tag_requests_global [sectors]""""(98944)","memory_l1_wavefronts_shared [sectors]""""(0)","memory_l1_wavefronts_shared_ideal [sectors]""""(0)",memory_l2_theoretical_sectors_global [sectors],memory_l2_theoretical_sectors_global_ideal [sectors],memory_l2_theoretical_sectors_local [sectors],memory_type,numa__cpu_affinity,numa__dev_display_name_all,numa__id_cpu,numa__id_memory,nvlink__bandwidth,nvlink__count_logical,nvlink__count_physical,nvlink__destination_ports,nvlink__dev0Id,nvlink__dev0type,nvlink__dev1Id,nvlink__dev1type,nvlink__dev_display_name_all,nvlink__enabled_mask,nvlink__is_direct_link,nvlink__is_nvswitch_connected,nvlink__max_count,nvlink__peer_access,nvlink__peer_atomic,nvlink__source_ports,nvlink__system_access,nvlink__system_atomic,nvlrx__bytes.sum.per_second [byte],nvltx__bytes.sum.per_second [byte],pcie__read_bytes.avg.per_second [Mbyte/s],pcie__read_bytes.max.per_second [Mbyte/s],pcie__read_bytes.min.per_second [Mbyte/s],pcie__read_bytes.sum.per_second [Mbyte/s],pcie__write_bytes.avg.per_second [Mbyte/s],pcie__write_bytes.max.per_second [Mbyte/s],pcie__write_bytes.min.per_second [Mbyte/s],pcie__write_bytes.sum.per_second [Mbyte/s],pmsampling:sm__pipe_tensor_cycles_active_realtime.avg.pct_of_peak_sustained_elapsed [%],profiler__perfworks_session_reuse,"profiler__pmsampler_buffer_size_bytes [Mbytes]""""(6.29146e+06)","profiler__pmsampler_dropped_samples [sample]""""(65)","profiler__pmsampler_interval_time [us]""""(2000)","profiler__pmsampler_merged_samples [sample]""""(0)","profiler__pmsampler_pass_groups""""(4)",profiler__replayer_bytes_mem_accessible.avg [Mbyte],profiler__replayer_bytes_mem_accessible.max [Mbyte],profiler__replayer_bytes_mem_accessible.min [Mbyte],profiler__replayer_bytes_mem_accessible.sum [Mbyte],profiler__replayer_bytes_mem_backed_up.avg [Mbyte],profiler__replayer_bytes_mem_backed_up.max [Mbyte],profiler__replayer_bytes_mem_backed_up.min [Mbyte],profiler__replayer_bytes_mem_backed_up.sum [Mbyte],"profiler__replayer_passes [pass]""""(77)","profiler__replayer_passes_type_warmup [pass]""""(0)",profiler__timestamp_workload_end_0,profiler__timestamp_workload_end_1,profiler__timestamp_workload_start_0,profiler__timestamp_workload_start_1,sass__inst_executed_global_loads [inst],sass__inst_executed_global_stores [inst],sass__inst_executed_local_loads [inst],sass__inst_executed_local_stores [inst],"sass__inst_executed_per_opcode""""(284800)","sass__inst_executed_per_opcode_with_modifier_all""""(284800)","sass__inst_executed_per_opcode_with_modifier_selective""""(284800)",sass__inst_executed_shared_loads [inst],sass__inst_executed_shared_stores [inst],"sass__thread_inst_executed_true_per_opcode""""(9.06445e+06)","sass__thread_inst_executed_true_per_opcode_with_modifier_all""""(9.06445e+06)","sass__thread_inst_executed_true_per_opcode_with_modifier_selective""""(9.06445e+06)","sm__cycles_active.avg [cycle]""""(50839.8)","sm__cycles_active.max [cycle]""""(110919)","sm__cycles_active.min [cycle]""""(0)","sm__cycles_active.sum [cycle]""""(2.33863e+06)","sm__cycles_elapsed.avg [cycle]""""(115185)",sm__cycles_elapsed.avg.per_second [Ghz],"sm__cycles_elapsed.max [cycle]""""(115190)",sm__cycles_elapsed.max.per_second [Ghz],"sm__cycles_elapsed.min [cycle]""""(115180)",sm__cycles_elapsed.min.per_second [Ghz],"sm__cycles_elapsed.sum [cycle]""""(5.29852e+06)",sm__cycles_elapsed.sum.per_second [Ghz],sm__inst_executed.avg.pct_of_peak_sustained_elapsed [%],sm__inst_executed.avg.per_cycle_active [inst/cycle],sm__inst_executed.avg.per_cycle_elapsed [inst/cycle],sm__inst_executed.max.pct_of_peak_sustained_elapsed [%],sm__inst_executed.max.per_cycle_active [inst/cycle],sm__inst_executed.max.per_cycle_elapsed [inst/cycle],sm__inst_executed.min.pct_of_peak_sustained_elapsed [%],sm__inst_executed.min.per_cycle_active [inst/cycle],sm__inst_executed.min.per_cycle_elapsed [inst/cycle],sm__inst_executed.sum.pct_of_peak_sustained_elapsed [%],sm__inst_executed.sum.per_cycle_active [inst/cycle],sm__inst_executed.sum.per_cycle_elapsed [inst/cycle],sm__inst_executed_pipe_adu.avg.pct_of_peak_sustained_active [%],sm__inst_executed_pipe_adu.avg.pct_of_peak_sustained_elapsed [%],sm__inst_executed_pipe_adu.max.pct_of_peak_sustained_active [%],sm__inst_executed_pipe_adu.max.pct_of_peak_sustained_elapsed [%],sm__inst_executed_pipe_adu.min.pct_of_peak_sustained_active [%],sm__inst_executed_pipe_adu.min.pct_of_peak_sustained_elapsed [%],sm__inst_executed_pipe_adu.sum.pct_of_peak_sustained_active [%],sm__inst_executed_pipe_adu.sum.pct_of_peak_sustained_elapsed [%],sm__inst_executed_pipe_alu.avg.pct_of_peak_sustained_active [%],sm__inst_executed_pipe_alu.max.pct_of_peak_sustained_active [%],sm__inst_executed_pipe_alu.min.pct_of_peak_sustained_active [%],sm__inst_executed_pipe_alu.sum.pct_of_peak_sustained_active [%],sm__inst_executed_pipe_cbu.avg.pct_of_peak_sustained_active [%],sm__inst_executed_pipe_cbu.max.pct_of_peak_sustained_active [%],sm__inst_executed_pipe_cbu.min.pct_of_peak_sustained_active [%],sm__inst_executed_pipe_cbu.sum.pct_of_peak_sustained_active [%],sm__inst_executed_pipe_cbu_pred_on_any.avg.pct_of_peak_sustained_elapsed [%],sm__inst_executed_pipe_cbu_pred_on_any.max.pct_of_peak_sustained_elapsed [%],sm__inst_executed_pipe_cbu_pred_on_any.min.pct_of_peak_sustained_elapsed [%],sm__inst_executed_pipe_cbu_pred_on_any.sum.pct_of_peak_sustained_elapsed [%],sm__inst_executed_pipe_fma.avg.pct_of_peak_sustained_active [%],sm__inst_executed_pipe_fma.max.pct_of_peak_sustained_active [%],sm__inst_executed_pipe_fma.min.pct_of_peak_sustained_active [%],sm__inst_executed_pipe_fma.sum.pct_of_peak_sustained_active [%],sm__inst_executed_pipe_fma_type_fp16.avg.pct_of_peak_sustained_active [%],sm__inst_executed_pipe_fp64.max.pct_of_peak_sustained_active [%],sm__inst_executed_pipe_fp64.min.pct_of_peak_sustained_active [%],sm__inst_executed_pipe_fp64.sum.pct_of_peak_sustained_active [%],sm__inst_executed_pipe_fp64_op_dmma.avg.pct_of_peak_sustained_active [%],sm__inst_executed_pipe_fp64_op_dmma.max.pct_of_peak_sustained_active [%],sm__inst_executed_pipe_fp64_op_dmma.min.pct_of_peak_sustained_active [%],sm__inst_executed_pipe_fp64_op_dmma.sum.pct_of_peak_sustained_active [%],sm__inst_executed_pipe_fp64_op_fp64.avg.pct_of_peak_sustained_active [%],sm__inst_executed_pipe_fp64_op_fp64.max.pct_of_peak_sustained_active [%],sm__inst_executed_pipe_fp64_op_fp64.min.pct_of_peak_sustained_active [%],sm__inst_executed_pipe_fp64_op_fp64.sum.pct_of_peak_sustained_active [%],sm__inst_executed_pipe_ipa.avg.pct_of_peak_sustained_elapsed [%],sm__inst_executed_pipe_ipa.max.pct_of_peak_sustained_elapsed [%],sm__inst_executed_pipe_ipa.min.pct_of_peak_sustained_elapsed [%],sm__inst_executed_pipe_ipa.sum.pct_of_peak_sustained_elapsed [%],sm__inst_executed_pipe_lsu.avg.pct_of_peak_sustained_active [%],sm__inst_executed_pipe_lsu.avg.pct_of_peak_sustained_elapsed [%],sm__inst_executed_pipe_lsu.max.pct_of_peak_sustained_active [%],sm__inst_executed_pipe_lsu.max.pct_of_peak_sustained_elapsed [%],sm__inst_executed_pipe_lsu.min.pct_of_peak_sustained_active [%],sm__inst_executed_pipe_lsu.min.pct_of_peak_sustained_elapsed [%],sm__inst_executed_pipe_lsu.sum.pct_of_peak_sustained_active [%],sm__inst_executed_pipe_lsu.sum.pct_of_peak_sustained_elapsed [%],sm__inst_executed_pipe_tensor_op_hmma.max.pct_of_peak_sustained_active [%],sm__inst_executed_pipe_tensor_op_hmma.min.pct_of_peak_sustained_active [%],sm__inst_executed_pipe_tensor_op_hmma.sum.pct_of_peak_sustained_active [%],sm__inst_executed_pipe_tensor_op_hmma_v2.avg.pct_of_peak_sustained_active [%],sm__inst_executed_pipe_tensor_op_imma.max.pct_of_peak_sustained_active [%],sm__inst_executed_pipe_tensor_op_imma.min.pct_of_peak_sustained_active [%],sm__inst_executed_pipe_tensor_op_imma.sum.pct_of_peak_sustained_active [%],sm__inst_executed_pipe_tensor_op_imma_v2.avg.pct_of_peak_sustained_active [%],sm__inst_executed_pipe_tex.avg.pct_of_peak_sustained_active [%],sm__inst_executed_pipe_tex.avg.pct_of_peak_sustained_elapsed [%],sm__inst_executed_pipe_tex.max.pct_of_peak_sustained_active [%],sm__inst_executed_pipe_tex.max.pct_of_peak_sustained_elapsed [%],sm__inst_executed_pipe_tex.min.pct_of_peak_sustained_active [%],sm__inst_executed_pipe_tex.min.pct_of_peak_sustained_elapsed [%],sm__inst_executed_pipe_tex.sum.pct_of_peak_sustained_active [%],sm__inst_executed_pipe_tex.sum.pct_of_peak_sustained_elapsed [%],sm__inst_executed_pipe_uniform.avg.pct_of_peak_sustained_active [%],sm__inst_executed_pipe_uniform.avg.pct_of_peak_sustained_elapsed [%],sm__inst_executed_pipe_uniform.max.pct_of_peak_sustained_active [%],sm__inst_executed_pipe_uniform.max.pct_of_peak_sustained_elapsed [%],sm__inst_executed_pipe_uniform.min.pct_of_peak_sustained_active [%],sm__inst_executed_pipe_uniform.min.pct_of_peak_sustained_elapsed [%],sm__inst_executed_pipe_uniform.sum.pct_of_peak_sustained_active [%],sm__inst_executed_pipe_uniform.sum.pct_of_peak_sustained_elapsed [%],sm__inst_executed_pipe_xu.avg.pct_of_peak_sustained_active [%],sm__inst_executed_pipe_xu.avg.pct_of_peak_sustained_elapsed [%],sm__inst_executed_pipe_xu.max.pct_of_peak_sustained_active [%],sm__inst_executed_pipe_xu.max.pct_of_peak_sustained_elapsed [%],sm__inst_executed_pipe_xu.min.pct_of_peak_sustained_active [%],sm__inst_executed_pipe_xu.min.pct_of_peak_sustained_elapsed [%],sm__inst_executed_pipe_xu.sum.pct_of_peak_sustained_active [%],sm__inst_executed_pipe_xu.sum.pct_of_peak_sustained_elapsed [%],sm__inst_issued.avg.pct_of_peak_sustained_active [%],sm__inst_issued.avg.per_cycle_active [inst/cycle],sm__inst_issued.max.pct_of_peak_sustained_active [%],sm__inst_issued.max.per_cycle_active [inst/cycle],sm__inst_issued.min.pct_of_peak_sustained_active [%],sm__inst_issued.min.per_cycle_active [inst/cycle],sm__inst_issued.sum.pct_of_peak_sustained_active [%],sm__inst_issued.sum.per_cycle_active [inst/cycle],sm__instruction_throughput.avg.pct_of_peak_sustained_active [%],sm__instruction_throughput.max.pct_of_peak_sustained_active [%],sm__instruction_throughput.min.pct_of_peak_sustained_active [%],sm__instruction_throughput.sum.pct_of_peak_sustained_active [%],sm__instruction_throughput_internal_activity.avg.pct_of_peak_sustained_elapsed [%],sm__instruction_throughput_internal_activity.max.pct_of_peak_sustained_elapsed [%],sm__instruction_throughput_internal_activity.min.pct_of_peak_sustained_elapsed [%],sm__instruction_throughput_internal_activity.sum.pct_of_peak_sustained_elapsed [%],sm__issue_active.avg.pct_of_peak_sustained_elapsed [%],sm__issue_active.max.pct_of_peak_sustained_elapsed [%],sm__issue_active.min.pct_of_peak_sustained_elapsed [%],sm__issue_active.sum.pct_of_peak_sustained_elapsed [%],sm__maximum_warps_avg_per_active_cycle [warp],sm__maximum_warps_per_active_cycle_pct [%],sm__memory_throughput.avg.pct_of_peak_sustained_elapsed [%],sm__memory_throughput.max.pct_of_peak_sustained_elapsed [%],sm__memory_throughput.min.pct_of_peak_sustained_elapsed [%],sm__memory_throughput.sum.pct_of_peak_sustained_elapsed [%],sm__memory_throughput_internal_activity.avg.pct_of_peak_sustained_elapsed [%],sm__memory_throughput_internal_activity.max.pct_of_peak_sustained_elapsed [%],sm__memory_throughput_internal_activity.min.pct_of_peak_sustained_elapsed [%],sm__memory_throughput_internal_activity.sum.pct_of_peak_sustained_elapsed [%],sm__mio2rf_writeback_active.avg.pct_of_peak_sustained_elapsed [%],sm__mio2rf_writeback_active.max.pct_of_peak_sustained_elapsed [%],sm__mio2rf_writeback_active.min.pct_of_peak_sustained_elapsed [%],sm__mio2rf_writeback_active.sum.pct_of_peak_sustained_elapsed [%],sm__mio_inst_issued.avg.pct_of_peak_sustained_elapsed [%],sm__mio_inst_issued.max.pct_of_peak_sustained_elapsed [%],sm__mio_inst_issued.min.pct_of_peak_sustained_elapsed [%],sm__mio_inst_issued.sum.pct_of_peak_sustained_elapsed [%],sm__mio_pq_read_cycles_active.avg.pct_of_peak_sustained_elapsed [%],sm__mio_pq_read_cycles_active.max.pct_of_peak_sustained_elapsed [%],sm__mio_pq_read_cycles_active.min.pct_of_peak_sustained_elapsed [%],sm__mio_pq_read_cycles_active.sum.pct_of_peak_sustained_elapsed [%],sm__mio_pq_write_cycles_active.avg.pct_of_peak_sustained_elapsed [%],sm__mio_pq_write_cycles_active.max.pct_of_peak_sustained_elapsed [%],sm__mio_pq_write_cycles_active.min.pct_of_peak_sustained_elapsed [%],sm__mio_pq_write_cycles_active.sum.pct_of_peak_sustained_elapsed [%],sm__pipe_alu_cycles_active.avg.pct_of_peak_sustained_active [%],sm__pipe_alu_cycles_active.avg.pct_of_peak_sustained_elapsed [%],sm__pipe_alu_cycles_active.max.pct_of_peak_sustained_active [%],sm__pipe_alu_cycles_active.max.pct_of_peak_sustained_elapsed [%],sm__pipe_alu_cycles_active.min.pct_of_peak_sustained_active [%],sm__pipe_alu_cycles_active.min.pct_of_peak_sustained_elapsed [%],sm__pipe_alu_cycles_active.sum.pct_of_peak_sustained_active [%],sm__pipe_alu_cycles_active.sum.pct_of_peak_sustained_elapsed [%],sm__pipe_fma_cycles_active.avg.pct_of_peak_sustained_active [%],sm__pipe_fma_cycles_active.avg.pct_of_peak_sustained_elapsed [%],sm__pipe_fma_cycles_active.max.pct_of_peak_sustained_active [%],sm__pipe_fma_cycles_active.max.pct_of_peak_sustained_elapsed [%],sm__pipe_fma_cycles_active.min.pct_of_peak_sustained_active [%],sm__pipe_fma_cycles_active.min.pct_of_peak_sustained_elapsed [%],sm__pipe_fma_cycles_active.sum.pct_of_peak_sustained_active [%],sm__pipe_fma_cycles_active.sum.pct_of_peak_sustained_elapsed [%],sm__pipe_fmaheavy_cycles_active.avg.pct_of_peak_sustained_elapsed [%],sm__pipe_fmaheavy_cycles_active.max.pct_of_peak_sustained_elapsed [%],sm__pipe_fmaheavy_cycles_active.min.pct_of_peak_sustained_elapsed [%],sm__pipe_fmaheavy_cycles_active.sum.pct_of_peak_sustained_elapsed [%],sm__pipe_fp64_cycles_active.avg.pct_of_peak_sustained_active [%],sm__pipe_fp64_cycles_active.avg.pct_of_peak_sustained_elapsed [%],sm__pipe_fp64_cycles_active.max.pct_of_peak_sustained_active [%],sm__pipe_fp64_cycles_active.max.pct_of_peak_sustained_elapsed [%],sm__pipe_fp64_cycles_active.min.pct_of_peak_sustained_active [%],sm__pipe_fp64_cycles_active.min.pct_of_peak_sustained_elapsed [%],sm__pipe_fp64_cycles_active.sum.pct_of_peak_sustained_active [%],sm__pipe_fp64_cycles_active.sum.pct_of_peak_sustained_elapsed [%],sm__pipe_tensor_cycles_active.avg.pct_of_peak_sustained_elapsed [%],sm__pipe_tensor_cycles_active.max.pct_of_peak_sustained_active [%],sm__pipe_tensor_cycles_active.max.pct_of_peak_sustained_elapsed [%],sm__pipe_tensor_cycles_active.min.pct_of_peak_sustained_active [%],sm__pipe_tensor_cycles_active.min.pct_of_peak_sustained_elapsed [%],sm__pipe_tensor_cycles_active.sum.pct_of_peak_sustained_active [%],sm__pipe_tensor_cycles_active.sum.pct_of_peak_sustained_elapsed [%],sm__pipe_tensor_cycles_active_v2.avg.pct_of_peak_sustained_active [%],sm__pipe_tensor_cycles_active_v2.avg.pct_of_peak_sustained_elapsed [%],sm__pipe_tensor_cycles_active_v2.max.pct_of_peak_sustained_elapsed [%],sm__pipe_tensor_cycles_active_v2.min.pct_of_peak_sustained_elapsed [%],sm__pipe_tensor_cycles_active_v2.sum.pct_of_peak_sustained_elapsed [%],sm__pipe_tensor_op_hmma_cycles_active.max.pct_of_peak_sustained_active [%],sm__pipe_tensor_op_hmma_cycles_active.min.pct_of_peak_sustained_active [%],sm__pipe_tensor_op_hmma_cycles_active.sum.pct_of_peak_sustained_active [%],sm__pipe_tensor_op_hmma_cycles_active_v2.avg.pct_of_peak_sustained_active [%],sm__pipe_tensor_op_imma_cycles_active.max.pct_of_peak_sustained_active [%],sm__pipe_tensor_op_imma_cycles_active.min.pct_of_peak_sustained_active [%],sm__pipe_tensor_op_imma_cycles_active.sum.pct_of_peak_sustained_active [%],sm__pipe_tensor_op_imma_cycles_active_v2.avg.pct_of_peak_sustained_active [%],"sm__sass_inst_executed_op_ldgsts_cache_access.sum [inst]""""(0)","sm__sass_inst_executed_op_ldgsts_cache_bypass.sum [inst]""""(0)","sm__sass_l1tex_data_bytes_write_pipe_lsu_mem_shared_op_ldgsts_cache_access.sum [byte]""""(0)",sm__sass_l1tex_data_bytes_write_pipe_lsu_mem_shared_op_ldgsts_cache_access.sum.pct_of_peak_sustained_elapsed [%],sm__sass_l1tex_data_bytes_write_pipe_lsu_mem_shared_op_ldgsts_cache_access.sum.per_second [byte/s],"sm__sass_l1tex_m_xbar2l1tex_read_bytes_mem_global_op_ldgsts_cache_bypass.sum [byte]""""(0)",sm__sass_l1tex_m_xbar2l1tex_read_bytes_mem_global_op_ldgsts_cache_bypass.sum.pct_of_peak_sustained_elapsed [%],sm__sass_l1tex_m_xbar2l1tex_read_bytes_mem_global_op_ldgsts_cache_bypass.sum.per_second [byte/s],"sm__sass_l1tex_t_requests_pipe_lsu_mem_global_op_ldgsts.sum""""(0)",sm__sass_l1tex_t_requests_pipe_lsu_mem_global_op_ldgsts.sum.pct_of_peak_sustained_elapsed [%],"sm__sass_l1tex_t_requests_pipe_lsu_mem_global_op_ldgsts_cache_access.sum""""(0)","sm__sass_l1tex_t_requests_pipe_lsu_mem_global_op_ldgsts_cache_bypass.sum""""(0)","sm__sass_l1tex_t_sectors_pipe_lsu_mem_global_op_ldgsts_cache_access.sum [sector]""""(0)",sm__sass_l1tex_t_sectors_pipe_lsu_mem_global_op_ldgsts_cache_access.sum.pct_of_peak_sustained_elapsed [%],"sm__sass_l1tex_t_sectors_pipe_lsu_mem_global_op_ldgsts_cache_bypass.sum [sector]""""(0)",sm__sass_l1tex_t_sectors_pipe_lsu_mem_global_op_ldgsts_cache_bypass.sum.pct_of_peak_sustained_elapsed [%],sm__sass_thread_inst_executed_op_dfma_pred_on.avg.peak_sustained [inst/cycle],sm__sass_thread_inst_executed_op_dfma_pred_on.max.peak_sustained [inst/cycle],sm__sass_thread_inst_executed_op_dfma_pred_on.min.peak_sustained [inst/cycle],sm__sass_thread_inst_executed_op_dfma_pred_on.sum.peak_sustained [inst/cycle],sm__sass_thread_inst_executed_op_ffma_pred_on.avg.peak_sustained [inst/cycle],sm__sass_thread_inst_executed_op_ffma_pred_on.max.peak_sustained [inst/cycle],sm__sass_thread_inst_executed_op_ffma_pred_on.min.peak_sustained [inst/cycle],sm__sass_thread_inst_executed_op_ffma_pred_on.sum.peak_sustained [inst/cycle],sm__throughput.max.pct_of_peak_sustained_elapsed [%],sm__throughput.min.pct_of_peak_sustained_elapsed [%],sm__throughput.sum.pct_of_peak_sustained_elapsed [%],sm__warps_active.avg.pct_of_peak_sustained_active [%],sm__warps_active.avg.per_cycle_active [warp],sm__warps_active.max.pct_of_peak_sustained_active [%],sm__warps_active.max.per_cycle_active [warp],sm__warps_active.min.pct_of_peak_sustained_active [%],sm__warps_active.min.per_cycle_active [warp],sm__warps_active.sum.pct_of_peak_sustained_active [%],sm__warps_active.sum.per_cycle_active [warp],smsp__average_warp_latency_per_inst_issued.ratio [cycle],smsp__average_warps_active_per_inst_executed.ratio [cycle],smsp__average_warps_issue_stalled_barrier_per_issue_active.ratio [inst],smsp__average_warps_issue_stalled_branch_resolving_per_issue_active.ratio [inst],smsp__average_warps_issue_stalled_dispatch_stall_per_issue_active.ratio [inst],smsp__average_warps_issue_stalled_drain_per_issue_active.ratio [inst],smsp__average_warps_issue_stalled_imc_miss_per_issue_active.ratio [inst],smsp__average_warps_issue_stalled_lg_throttle_per_issue_active.ratio [inst],smsp__average_warps_issue_stalled_long_scoreboard_per_issue_active.ratio [inst],smsp__average_warps_issue_stalled_math_pipe_throttle_per_issue_active.ratio [inst],smsp__average_warps_issue_stalled_membar_per_issue_active.ratio [inst],smsp__average_warps_issue_stalled_mio_throttle_per_issue_active.ratio [inst],smsp__average_warps_issue_stalled_misc_per_issue_active.ratio [inst],smsp__average_warps_issue_stalled_no_instruction_per_issue_active.ratio [inst],smsp__average_warps_issue_stalled_not_selected_per_issue_active.ratio [inst],smsp__average_warps_issue_stalled_selected_per_issue_active.ratio [inst],smsp__average_warps_issue_stalled_short_scoreboard_per_issue_active.ratio [inst],smsp__average_warps_issue_stalled_sleeping_per_issue_active.ratio [inst],smsp__average_warps_issue_stalled_tex_throttle_per_issue_active.ratio [inst],smsp__average_warps_issue_stalled_wait_per_issue_active.ratio [inst],"smsp__branch_targets_threads_divergent [branches]""""(0)","smsp__cycles_active.avg [cycle]""""(51214.3)","smsp__cycles_active.max [cycle]""""(111592)","smsp__cycles_active.min [cycle]""""(0)","smsp__cycles_active.sum [cycle]""""(9.42344e+06)","smsp__cycles_elapsed.avg [cycle]""""(115185)",smsp__cycles_elapsed.avg.per_second [Ghz],"smsp__cycles_elapsed.max [cycle]""""(115190)",smsp__cycles_elapsed.max.per_second [Ghz],"smsp__cycles_elapsed.min [cycle]""""(115180)",smsp__cycles_elapsed.min.per_second [Ghz],"smsp__cycles_elapsed.sum [cycle]""""(2.11941e+07)",smsp__cycles_elapsed.sum.per_second [Ghz],"smsp__inst_executed.avg [inst]""""(1547.83)","smsp__inst_executed.max [inst]""""(3382)","smsp__inst_executed.min [inst]""""(0)","smsp__inst_executed.sum [inst]""""(284800)","smsp__inst_executed_op_branch.avg [inst]""""(52.8696)","smsp__inst_executed_op_branch.max [inst]""""(112)","smsp__inst_executed_op_branch.min [inst]""""(0)","smsp__inst_executed_op_branch.sum [inst]""""(9728)","smsp__inst_executed_op_generic_atom_dot_alu.sum [inst]""""(0)",smsp__inst_executed_op_generic_atom_dot_alu.sum.pct_of_peak_sustained_elapsed [%],"smsp__inst_executed_op_generic_atom_dot_cas.sum [inst]""""(0)",smsp__inst_executed_op_generic_atom_dot_cas.sum.pct_of_peak_sustained_elapsed [%],"smsp__inst_executed_op_global_red.sum [inst]""""(0)",smsp__inst_executed_op_global_red.sum.pct_of_peak_sustained_elapsed [%],"smsp__inst_executed_op_ldgsts.sum [inst]""""(0)",smsp__inst_executed_op_ldgsts.sum.pct_of_peak_sustained_elapsed [%],"smsp__inst_executed_op_ldsm.sum [inst]""""(0)",smsp__inst_executed_op_ldsm.sum.pct_of_peak_sustained_elapsed [%],"smsp__inst_executed_op_shared_atom.sum [inst]""""(0)",smsp__inst_executed_op_shared_atom.sum.pct_of_peak_sustained_elapsed [%],"smsp__inst_executed_op_surface_atom_dot_alu.sum [inst]""""(0)",smsp__inst_executed_op_surface_atom_dot_alu.sum.pct_of_peak_sustained_elapsed [%],"smsp__inst_executed_op_surface_atom_dot_cas.sum [inst]""""(0)",smsp__inst_executed_op_surface_atom_dot_cas.sum.pct_of_peak_sustained_elapsed [%],"smsp__inst_executed_op_surface_ld.sum [inst]""""(0)",smsp__inst_executed_op_surface_ld.sum.pct_of_peak_sustained_elapsed [%],"smsp__inst_executed_op_surface_red.sum [inst]""""(0)",smsp__inst_executed_op_surface_red.sum.pct_of_peak_sustained_elapsed [%],"smsp__inst_executed_op_surface_st.sum [inst]""""(0)",smsp__inst_executed_op_surface_st.sum.pct_of_peak_sustained_elapsed [%],"smsp__inst_executed_op_texture.sum [inst]""""(0)",smsp__inst_executed_op_texture.sum.pct_of_peak_sustained_elapsed [%],"smsp__inst_issued.avg [inst]""""(1562.51)","smsp__inst_issued.max [inst]""""(3414)","smsp__inst_issued.min [inst]""""(0)","smsp__inst_issued.sum [inst]""""(287502)",smsp__issue_active.avg.pct_of_peak_sustained_active [%],smsp__issue_active.avg.per_cycle_active,smsp__issue_active.max.pct_of_peak_sustained_active [%],smsp__issue_active.max.per_cycle_active,smsp__issue_active.min.pct_of_peak_sustained_active [%],smsp__issue_active.min.per_cycle_active,smsp__issue_active.sum.pct_of_peak_sustained_active [%],smsp__issue_active.sum.per_cycle_active,smsp__issue_inst0.avg.pct_of_peak_sustained_active [%],smsp__issue_inst0.max.pct_of_peak_sustained_active [%],smsp__issue_inst0.min.pct_of_peak_sustained_active [%],smsp__issue_inst0.sum.pct_of_peak_sustained_active [%],smsp__maximum_warps_avg_per_active_cycle [warp],"smsp__pcsamp_aggregated_passes [pass]""""(4)","smsp__pcsamp_buffer_size_bytes [Mbyte]""""(6.71089e+07)","smsp__pcsamp_dropped_bytes [byte]""""(0)","smsp__pcsamp_interval""""(10)","smsp__pcsamp_interval_cycles [cycle]""""(2048)",smsp__pcsamp_sample_count,"smsp__pcsamp_warps_issue_stalled_barrier [warp]""""(0)","smsp__pcsamp_warps_issue_stalled_barrier_not_issued [warp]""""(0)","smsp__pcsamp_warps_issue_stalled_branch_resolving [branches]""""(5)","smsp__pcsamp_warps_issue_stalled_branch_resolving_not_issued [branches]""""(4)","smsp__pcsamp_warps_issue_stalled_dispatch_stall [warp]""""(3)","smsp__pcsamp_warps_issue_stalled_dispatch_stall_not_issued [warp]""""(1)","smsp__pcsamp_warps_issue_stalled_drain [warp]""""(1)","smsp__pcsamp_warps_issue_stalled_drain_not_issued [warp]""""(1)","smsp__pcsamp_warps_issue_stalled_imc_miss [warp]""""(35)","smsp__pcsamp_warps_issue_stalled_imc_miss_not_issued [warp]""""(35)","smsp__pcsamp_warps_issue_stalled_lg_throttle [warp]""""(8)","smsp__pcsamp_warps_issue_stalled_lg_throttle_not_issued [warp]""""(4)","smsp__pcsamp_warps_issue_stalled_long_scoreboard [warp]""""(2110)","smsp__pcsamp_warps_issue_stalled_long_scoreboard_not_issued [warp]""""(2096)","smsp__pcsamp_warps_issue_stalled_math_pipe_throttle [warp]""""(0)","smsp__pcsamp_warps_issue_stalled_math_pipe_throttle_not_issued [warp]""""(0)","smsp__pcsamp_warps_issue_stalled_membar [warp]""""(0)","smsp__pcsamp_warps_issue_stalled_membar_not_issued [warp]""""(0)","smsp__pcsamp_warps_issue_stalled_mio_throttle [warp]""""(0)","smsp__pcsamp_warps_issue_stalled_mio_throttle_not_issued [warp]""""(0)","smsp__pcsamp_warps_issue_stalled_misc [warp]""""(0)","smsp__pcsamp_warps_issue_stalled_misc_not_issued [warp]""""(0)","smsp__pcsamp_warps_issue_stalled_no_instructions [inst]""""(10)","smsp__pcsamp_warps_issue_stalled_no_instructions_not_issued [inst]""""(9)","smsp__pcsamp_warps_issue_stalled_not_selected [warp]""""(6)","smsp__pcsamp_warps_issue_stalled_not_selected_not_issued [warp]""""(0)","smsp__pcsamp_warps_issue_stalled_selected [warp]""""(31)","smsp__pcsamp_warps_issue_stalled_selected_not_issued [warp]""""(0)","smsp__pcsamp_warps_issue_stalled_short_scoreboard [warp]""""(0)","smsp__pcsamp_warps_issue_stalled_short_scoreboard_not_issued [warp]""""(0)","smsp__pcsamp_warps_issue_stalled_sleeping [warp]""""(0)","smsp__pcsamp_warps_issue_stalled_sleeping_not_issued [warp]""""(0)","smsp__pcsamp_warps_issue_stalled_tex_throttle [warp]""""(0)","smsp__pcsamp_warps_issue_stalled_tex_throttle_not_issued [warp]""""(0)","smsp__pcsamp_warps_issue_stalled_wait [warp]""""(73)","smsp__pcsamp_warps_issue_stalled_wait_not_issued [warp]""""(56)",smsp__sass_average_branch_targets_threads_uniform.pct [%],smsp__sass_average_data_bytes_per_sector_mem_global_op_ld.max_rate [byte/sector],smsp__sass_average_data_bytes_per_sector_mem_global_op_ld.ratio [byte/sector],smsp__sass_average_data_bytes_per_sector_mem_global_op_st.max_rate [byte/sector],smsp__sass_average_data_bytes_per_sector_mem_global_op_st.ratio [byte/sector],smsp__sass_average_data_bytes_per_sector_mem_local_op_ld.max_rate [byte/sector],smsp__sass_average_data_bytes_per_sector_mem_local_op_ld.ratio [byte/sector],smsp__sass_average_data_bytes_per_sector_mem_local_op_st.max_rate [byte/sector],smsp__sass_average_data_bytes_per_sector_mem_local_op_st.ratio [byte/sector],"smsp__sass_branch_targets_threads_divergent.avg""""(0)","smsp__sass_branch_targets_threads_divergent.max""""(0)","smsp__sass_branch_targets_threads_divergent.min""""(0)","smsp__sass_branch_targets_threads_divergent.sum""""(0)","smsp__sass_inst_executed_memdesc_explicit_evict_type""""(0)","smsp__sass_inst_executed_memdesc_explicit_hitprop_evict_first [inst]""""(0)","smsp__sass_inst_executed_memdesc_explicit_hitprop_evict_last [inst]""""(0)","smsp__sass_inst_executed_memdesc_explicit_hitprop_evict_normal [inst]""""(0)","smsp__sass_inst_executed_memdesc_explicit_hitprop_evict_normal_demote [inst]""""(0)","smsp__sass_inst_executed_memdesc_explicit_missprop_evict_first [inst]""""(0)","smsp__sass_inst_executed_memdesc_explicit_missprop_evict_normal [inst]""""(0)","smsp__sass_inst_executed_op_global_ld.sum [inst]""""(65792)","smsp__sass_inst_executed_op_global_st.sum [inst]""""(33152)","smsp__sass_inst_executed_op_local_ld.sum [inst]""""(0)","smsp__sass_inst_executed_op_local_st.sum [inst]""""(0)","smsp__sass_inst_executed_op_shared_ld.sum [inst]""""(0)","smsp__sass_inst_executed_op_shared_st.sum [inst]""""(0)","smsp__sass_l1tex_data_bank_conflicts_pipe_lsu_mem_shared_op_ldgsts.sum""""(0)","smsp__sass_l1tex_data_bank_conflicts_pipe_lsu_mem_shared_op_st.sum""""(0)","smsp__sass_l1tex_data_pipe_lsu_wavefronts_mem_shared_op_ldgsts.sum""""(0)",smsp__sass_l1tex_data_pipe_lsu_wavefronts_mem_shared_op_ldgsts.sum.pct_of_peak_sustained_elapsed [%],"smsp__sass_l1tex_data_pipe_lsu_wavefronts_mem_shared_op_ldgsts_cache_access.sum""""(0)",smsp__sass_l1tex_data_pipe_lsu_wavefronts_mem_shared_op_ldgsts_cache_access.sum.pct_of_peak_sustained_elapsed [%],"smsp__sass_l1tex_data_pipe_lsu_wavefronts_mem_shared_op_st.sum""""(0)",smsp__sass_l1tex_data_pipe_lsu_wavefronts_mem_shared_op_st.sum.pct_of_peak_sustained_elapsed [%],"smsp__sass_l1tex_m_xbar2l1tex_read_sectors_mem_global_op_ldgsts_cache_bypass.sum [sector]""""(0)",smsp__sass_l1tex_m_xbar2l1tex_read_sectors_mem_global_op_ldgsts_cache_bypass.sum.pct_of_peak_sustained_elapsed [%],smsp__sass_thread_inst_executed_op_dadd_pred_on.avg.per_cycle_elapsed [inst/cycle],smsp__sass_thread_inst_executed_op_dadd_pred_on.max.per_cycle_elapsed [inst/cycle],smsp__sass_thread_inst_executed_op_dadd_pred_on.min.per_cycle_elapsed [inst/cycle],smsp__sass_thread_inst_executed_op_dadd_pred_on.sum.per_cycle_elapsed [inst/cycle],smsp__sass_thread_inst_executed_op_dfma_pred_on.avg.per_cycle_elapsed [inst/cycle],smsp__sass_thread_inst_executed_op_dfma_pred_on.max.per_cycle_elapsed [inst/cycle],smsp__sass_thread_inst_executed_op_dfma_pred_on.min.per_cycle_elapsed [inst/cycle],smsp__sass_thread_inst_executed_op_dfma_pred_on.sum.per_cycle_elapsed [inst/cycle],smsp__sass_thread_inst_executed_op_dmul_pred_on.avg.per_cycle_elapsed [inst/cycle],smsp__sass_thread_inst_executed_op_dmul_pred_on.max.per_cycle_elapsed [inst/cycle],smsp__sass_thread_inst_executed_op_dmul_pred_on.min.per_cycle_elapsed [inst/cycle],smsp__sass_thread_inst_executed_op_dmul_pred_on.sum.per_cycle_elapsed [inst/cycle],smsp__sass_thread_inst_executed_op_fadd_pred_on.avg.per_cycle_elapsed [inst/cycle],smsp__sass_thread_inst_executed_op_fadd_pred_on.max.per_cycle_elapsed [inst/cycle],smsp__sass_thread_inst_executed_op_fadd_pred_on.min.per_cycle_elapsed [inst/cycle],smsp__sass_thread_inst_executed_op_fadd_pred_on.sum.per_cycle_elapsed [inst/cycle],smsp__sass_thread_inst_executed_op_ffma_pred_on.avg.per_cycle_elapsed [inst/cycle],smsp__sass_thread_inst_executed_op_ffma_pred_on.max.per_cycle_elapsed [inst/cycle],smsp__sass_thread_inst_executed_op_ffma_pred_on.min.per_cycle_elapsed [inst/cycle],smsp__sass_thread_inst_executed_op_ffma_pred_on.sum.per_cycle_elapsed [inst/cycle],smsp__sass_thread_inst_executed_op_fmul_pred_on.avg.per_cycle_elapsed [inst/cycle],smsp__sass_thread_inst_executed_op_fmul_pred_on.max.per_cycle_elapsed [inst/cycle],smsp__sass_thread_inst_executed_op_fmul_pred_on.min.per_cycle_elapsed [inst/cycle],smsp__sass_thread_inst_executed_op_fmul_pred_on.sum.per_cycle_elapsed [inst/cycle],smsp__thread_inst_executed_per_inst_executed.ratio,smsp__thread_inst_executed_pred_on_per_inst_executed.ratio,smsp__warps_active.avg.peak_sustained [warp],smsp__warps_active.avg.per_cycle_active [warp],smsp__warps_active.max.peak_sustained [warp],smsp__warps_active.max.per_cycle_active [warp],smsp__warps_active.min.peak_sustained [warp],smsp__warps_active.min.per_cycle_active [warp],smsp__warps_active.sum.peak_sustained [warp],smsp__warps_active.sum.per_cycle_active [warp],smsp__warps_eligible.avg.per_cycle_active [warp],smsp__warps_eligible.max.per_cycle_active [warp],smsp__warps_eligible.min.per_cycle_active [warp],smsp__warps_eligible.sum.per_cycle_active [warp],"thread_inst_executed [inst]""""(9.1136e+06)","thread_inst_executed_true [inst]""""(9.06445e+06)"
0,2024-Dec-18 17:16:55,558,93.41,36.74,14,mm2_kernel1,_Z11mm2_kernel1iiiiffPfS_S_,mm2_kernel1..float..,"mm2_kernel1(int, int, int, int, float, float, float *, float *, float *)",[14933] 2mm.exe,14933,NVIDIA GeForce RTX 4070,0x55951d698a70,0x55951da1f750,"    0,    0,    0","    2,    8,    1","   32,    8,    1",3,"75,417",39.33,2.86,6.00,{265},{265},{265},16 {265},{139},{139},0 {139},0 {139},"25,269.72 {265}",5.03 {265},{139},0.09 {265},{139},0.04 {265},0.07 {265},210.60 {265},"4,843.72 {265}",{265},"dram__cycles_active.avg.pct_of_peak_sustained_elapsed,fbpa__dram_sectors.avg.pct_of_peak_sustained_elapsed,gpu__compute_memory_access_throughput_internal_activity.avg.pct_of_peak_sustained_elapsed,gpu__compute_memory_request_throughput_internal_activity.avg.pct_of_peak_sustained_elapsed,l1tex__data_bank_reads.avg.pct_of_peak_sustained_elapsed,l1tex__data_bank_writes.avg.pct_of_peak_sustained_elapsed,l1tex__data_pipe_lsu_wavefronts.avg.pct_of_peak_sustained_elapsed,l1tex__data_pipe_tex_wavefronts.avg.pct_of_peak_sustained_elapsed,l1tex__f_wavefronts.avg.pct_of_peak_sustained_elapsed,l1tex__lsu_writeback_active.avg.pct_of_peak_sustained_elapsed,l1tex__lsuin_requests.avg.pct_of_peak_sustained_elapsed,l1tex__m_l1tex2xbar_req_cycles_active.avg.pct_of_peak_sustained_elapsed,l1tex__m_xbar2l1tex_read_sectors.avg.pct_of_peak_sustained_elapsed,l1tex__tex_writeback_active.avg.pct_of_peak_sustained_elapsed,l1tex__texin_sm2tex_req_cycles_active.avg.pct_of_peak_sustained_elapsed,lts__d_atomic_input_cycles_active.avg.pct_of_peak_sustained_elapsed,lts__d_sectors.avg.pct_of_peak_sustained_elapsed,lts__d_sectors_fill_device.avg.pct_of_peak_sustained_elapsed,lts__d_sectors_fill_sysmem.avg.pct_of_peak_sustained_elapsed,lts__lts2xbar_cycles_active.avg.pct_of_peak_sustained_elapsed,lts__t_sectors.avg.pct_of_peak_sustained_elapsed,lts__t_tag_requests.avg.pct_of_peak_sustained_elapsed,lts__xbar2lts_cycles_active.avg.pct_of_peak_sustained_elapsed","dram__cycles_active.max.pct_of_peak_sustained_elapsed,fbpa__dram_sectors.max.pct_of_peak_sustained_elapsed,gpu__compute_memory_access_throughput_internal_activity.max.pct_of_peak_sustained_elapsed,gpu__compute_memory_request_throughput_internal_activity.max.pct_of_peak_sustained_elapsed,l1tex__data_bank_reads.max.pct_of_peak_sustained_elapsed,l1tex__data_bank_writes.max.pct_of_peak_sustained_elapsed,l1tex__data_pipe_lsu_wavefronts.max.pct_of_peak_sustained_elapsed,l1tex__data_pipe_tex_wavefronts.max.pct_of_peak_sustained_elapsed,l1tex__f_wavefronts.max.pct_of_peak_sustained_elapsed,l1tex__lsu_writeback_active.max.pct_of_peak_sustained_elapsed,l1tex__lsuin_requests.max.pct_of_peak_sustained_elapsed,l1tex__m_l1tex2xbar_req_cycles_active.max.pct_of_peak_sustained_elapsed,l1tex__m_xbar2l1tex_read_sectors.max.pct_of_peak_sustained_elapsed,l1tex__tex_writeback_active.max.pct_of_peak_sustained_elapsed,l1tex__texin_sm2tex_req_cycles_active.max.pct_of_peak_sustained_elapsed,lts__d_atomic_input_cycles_active.max.pct_of_peak_sustained_elapsed,lts__d_sectors.max.pct_of_peak_sustained_elapsed,lts__d_sectors_fill_device.max.pct_of_peak_sustained_elapsed,lts__d_sectors_fill_sysmem.max.pct_of_peak_sustained_elapsed,lts__lts2xbar_cycles_active.max.pct_of_peak_sustained_elapsed,lts__t_sectors.max.pct_of_peak_sustained_elapsed,lts__t_tag_requests.max.pct_of_peak_sustained_elapsed,lts__xbar2lts_cycles_active.max.pct_of_peak_sustained_elapsed","dram__cycles_active.min.pct_of_peak_sustained_elapsed,fbpa__dram_sectors.min.pct_of_peak_sustained_elapsed,gpu__compute_memory_access_throughput_internal_activity.min.pct_of_peak_sustained_elapsed,gpu__compute_memory_request_throughput_internal_activity.min.pct_of_peak_sustained_elapsed,l1tex__data_bank_reads.min.pct_of_peak_sustained_elapsed,l1tex__data_bank_writes.min.pct_of_peak_sustained_elapsed,l1tex__data_pipe_lsu_wavefronts.min.pct_of_peak_sustained_elapsed,l1tex__data_pipe_tex_wavefronts.min.pct_of_peak_sustained_elapsed,l1tex__f_wavefronts.min.pct_of_peak_sustained_elapsed,l1tex__lsu_writeback_active.min.pct_of_peak_sustained_elapsed,l1tex__lsuin_requests.min.pct_of_peak_sustained_elapsed,l1tex__m_l1tex2xbar_req_cycles_active.min.pct_of_peak_sustained_elapsed,l1tex__m_xbar2l1tex_read_sectors.min.pct_of_peak_sustained_elapsed,l1tex__tex_writeback_active.min.pct_of_peak_sustained_elapsed,l1tex__texin_sm2tex_req_cycles_active.min.pct_of_peak_sustained_elapsed,lts__d_atomic_input_cycles_active.min.pct_of_peak_sustained_elapsed,lts__d_sectors.min.pct_of_peak_sustained_elapsed,lts__d_sectors_fill_device.min.pct_of_peak_sustained_elapsed,lts__d_sectors_fill_sysmem.min.pct_of_peak_sustained_elapsed,lts__lts2xbar_cycles_active.min.pct_of_peak_sustained_elapsed,lts__t_sectors.min.pct_of_peak_sustained_elapsed,lts__t_tag_requests.min.pct_of_peak_sustained_elapsed,lts__xbar2lts_cycles_active.min.pct_of_peak_sustained_elapsed","dram__cycles_active.sum.pct_of_peak_sustained_elapsed,fbpa__dram_sectors.sum.pct_of_peak_sustained_elapsed,gpu__compute_memory_access_throughput_internal_activity.sum.pct_of_peak_sustained_elapsed,gpu__compute_memory_request_throughput_internal_activity.sum.pct_of_peak_sustained_elapsed,l1tex__data_bank_reads.sum.pct_of_peak_sustained_elapsed,l1tex__data_bank_writes.sum.pct_of_peak_sustained_elapsed,l1tex__data_pipe_lsu_wavefronts.sum.pct_of_peak_sustained_elapsed,l1tex__data_pipe_tex_wavefronts.sum.pct_of_peak_sustained_elapsed,l1tex__f_wavefronts.sum.pct_of_peak_sustained_elapsed,l1tex__lsu_writeback_active.sum.pct_of_peak_sustained_elapsed,l1tex__lsuin_requests.sum.pct_of_peak_sustained_elapsed,l1tex__m_l1tex2xbar_req_cycles_active.sum.pct_of_peak_sustained_elapsed,l1tex__m_xbar2l1tex_read_sectors.sum.pct_of_peak_sustained_elapsed,l1tex__tex_writeback_active.sum.pct_of_peak_sustained_elapsed,l1tex__texin_sm2tex_req_cycles_active.sum.pct_of_peak_sustained_elapsed,lts__d_atomic_input_cycles_active.sum.pct_of_peak_sustained_elapsed,lts__d_sectors.sum.pct_of_peak_sustained_elapsed,lts__d_sectors_fill_device.sum.pct_of_peak_sustained_elapsed,lts__d_sectors_fill_sysmem.sum.pct_of_peak_sustained_elapsed,lts__lts2xbar_cycles_active.sum.pct_of_peak_sustained_elapsed,lts__t_sectors.sum.pct_of_peak_sustained_elapsed,lts__t_tag_requests.sum.pct_of_peak_sustained_elapsed,lts__xbar2lts_cycles_active.sum.pct_of_peak_sustained_elapsed","idc__request_cycles_active.avg.pct_of_peak_sustained_elapsed,sm__inst_executed.avg.pct_of_peak_sustained_elapsed,sm__inst_executed_pipe_adu.avg.pct_of_peak_sustained_elapsed,sm__inst_executed_pipe_cbu_pred_on_any.avg.pct_of_peak_sustained_elapsed,sm__inst_executed_pipe_ipa.avg.pct_of_peak_sustained_elapsed,sm__inst_executed_pipe_lsu.avg.pct_of_peak_sustained_elapsed,sm__inst_executed_pipe_tex.avg.pct_of_peak_sustained_elapsed,sm__inst_executed_pipe_uniform.avg.pct_of_peak_sustained_elapsed,sm__inst_executed_pipe_xu.avg.pct_of_peak_sustained_elapsed,sm__instruction_throughput_internal_activity.avg.pct_of_peak_sustained_elapsed,sm__issue_active.avg.pct_of_peak_sustained_elapsed,sm__memory_throughput_internal_activity.avg.pct_of_peak_sustained_elapsed,sm__mio2rf_writeback_active.avg.pct_of_peak_sustained_elapsed,sm__mio_inst_issued.avg.pct_of_peak_sustained_elapsed,sm__mio_pq_read_cycles_active.avg.pct_of_peak_sustained_elapsed,sm__mio_pq_write_cycles_active.avg.pct_of_peak_sustained_elapsed,sm__pipe_alu_cycles_active.avg.pct_of_peak_sustained_elapsed,sm__pipe_fma_cycles_active.avg.pct_of_peak_sustained_elapsed,sm__pipe_fmaheavy_cycles_active.avg.pct_of_peak_sustained_elapsed,sm__pipe_fp64_cycles_active.avg.pct_of_peak_sustained_elapsed,sm__pipe_tensor_cycles_active.avg.pct_of_peak_sustained_elapsed,sm__pipe_tensor_cycles_active_v2.avg.pct_of_peak_sustained_elapsed","idc__request_cycles_active.max.pct_of_peak_sustained_elapsed,sm__inst_executed.max.pct_of_peak_sustained_elapsed,sm__inst_executed_pipe_adu.max.pct_of_peak_sustained_elapsed,sm__inst_executed_pipe_cbu_pred_on_any.max.pct_of_peak_sustained_elapsed,sm__inst_executed_pipe_ipa.max.pct_of_peak_sustained_elapsed,sm__inst_executed_pipe_lsu.max.pct_of_peak_sustained_elapsed,sm__inst_executed_pipe_tex.max.pct_of_peak_sustained_elapsed,sm__inst_executed_pipe_uniform.max.pct_of_peak_sustained_elapsed,sm__inst_executed_pipe_xu.max.pct_of_peak_sustained_elapsed,sm__instruction_throughput_internal_activity.max.pct_of_peak_sustained_elapsed,sm__issue_active.max.pct_of_peak_sustained_elapsed,sm__memory_throughput_internal_activity.max.pct_of_peak_sustained_elapsed,sm__mio2rf_writeback_active.max.pct_of_peak_sustained_elapsed,sm__mio_inst_issued.max.pct_of_peak_sustained_elapsed,sm__mio_pq_read_cycles_active.max.pct_of_peak_sustained_elapsed,sm__mio_pq_write_cycles_active.max.pct_of_peak_sustained_elapsed,sm__pipe_alu_cycles_active.max.pct_of_peak_sustained_elapsed,sm__pipe_fma_cycles_active.max.pct_of_peak_sustained_elapsed,sm__pipe_fmaheavy_cycles_active.max.pct_of_peak_sustained_elapsed,sm__pipe_fp64_cycles_active.max.pct_of_peak_sustained_elapsed,sm__pipe_tensor_cycles_active.max.pct_of_peak_sustained_elapsed,sm__pipe_tensor_cycles_active_v2.max.pct_of_peak_sustained_elapsed","idc__request_cycles_active.min.pct_of_peak_sustained_elapsed,sm__inst_executed.min.pct_of_peak_sustained_elapsed,sm__inst_executed_pipe_adu.min.pct_of_peak_sustained_elapsed,sm__inst_executed_pipe_cbu_pred_on_any.min.pct_of_peak_sustained_elapsed,sm__inst_executed_pipe_ipa.min.pct_of_peak_sustained_elapsed,sm__inst_executed_pipe_lsu.min.pct_of_peak_sustained_elapsed,sm__inst_executed_pipe_tex.min.pct_of_peak_sustained_elapsed,sm__inst_executed_pipe_uniform.min.pct_of_peak_sustained_elapsed,sm__inst_executed_pipe_xu.min.pct_of_peak_sustained_elapsed,sm__instruction_throughput_internal_activity.min.pct_of_peak_sustained_elapsed,sm__issue_active.min.pct_of_peak_sustained_elapsed,sm__memory_throughput_internal_activity.min.pct_of_peak_sustained_elapsed,sm__mio2rf_writeback_active.min.pct_of_peak_sustained_elapsed,sm__mio_inst_issued.min.pct_of_peak_sustained_elapsed,sm__mio_pq_read_cycles_active.min.pct_of_peak_sustained_elapsed,sm__mio_pq_write_cycles_active.min.pct_of_peak_sustained_elapsed,sm__pipe_alu_cycles_active.min.pct_of_peak_sustained_elapsed,sm__pipe_fma_cycles_active.min.pct_of_peak_sustained_elapsed,sm__pipe_fmaheavy_cycles_active.min.pct_of_peak_sustained_elapsed,sm__pipe_fp64_cycles_active.min.pct_of_peak_sustained_elapsed,sm__pipe_tensor_cycles_active.min.pct_of_peak_sustained_elapsed,sm__pipe_tensor_cycles_active_v2.min.pct_of_peak_sustained_elapsed","idc__request_cycles_active.sum.pct_of_peak_sustained_elapsed,sm__inst_executed.sum.pct_of_peak_sustained_elapsed,sm__inst_executed_pipe_adu.sum.pct_of_peak_sustained_elapsed,sm__inst_executed_pipe_cbu_pred_on_any.sum.pct_of_peak_sustained_elapsed,sm__inst_executed_pipe_ipa.sum.pct_of_peak_sustained_elapsed,sm__inst_executed_pipe_lsu.sum.pct_of_peak_sustained_elapsed,sm__inst_executed_pipe_tex.sum.pct_of_peak_sustained_elapsed,sm__inst_executed_pipe_uniform.sum.pct_of_peak_sustained_elapsed,sm__inst_executed_pipe_xu.sum.pct_of_peak_sustained_elapsed,sm__instruction_throughput_internal_activity.sum.pct_of_peak_sustained_elapsed,sm__issue_active.sum.pct_of_peak_sustained_elapsed,sm__memory_throughput_internal_activity.sum.pct_of_peak_sustained_elapsed,sm__mio2rf_writeback_active.sum.pct_of_peak_sustained_elapsed,sm__mio_inst_issued.sum.pct_of_peak_sustained_elapsed,sm__mio_pq_read_cycles_active.sum.pct_of_peak_sustained_elapsed,sm__mio_pq_write_cycles_active.sum.pct_of_peak_sustained_elapsed,sm__pipe_alu_cycles_active.sum.pct_of_peak_sustained_elapsed,sm__pipe_fma_cycles_active.sum.pct_of_peak_sustained_elapsed,sm__pipe_fmaheavy_cycles_active.sum.pct_of_peak_sustained_elapsed,sm__pipe_fp64_cycles_active.sum.pct_of_peak_sustained_elapsed,sm__pipe_tensor_cycles_active.sum.pct_of_peak_sustained_elapsed,sm__pipe_tensor_cycles_active_v2.sum.pct_of_peak_sustained_elapsed",0,0,"2,304 {92}","2,207 {92}",0 {92},0,0 {16},184,"11,776",0.03,0,13.90,400,1,0,1,1,1,0,0,0,1,0,404,"2,550,000",0,8,9,0,1,1,0,No-CC,1,0,1,0,0,NVIDIA GeForce RTX 4070,0,0,192,3,1,1,192,0,0,0,0,1,"663,097,566","10,118","32,000",16,3,3,"16,000",16,161,"402,526,430",1,0,0,0,0,1,404,0,1,1,"37,748,736",24,24,1,1,"134,213,632","1,024","1,024",64,24,"2,550,000","2,147,483,647","65,535","65,535",4,1,"10,501,000","25,952,256","2,147,483,647","65,536","65,536",255,"49,152","101,376","102,400","1,024","1,536",48,12,"2,048","32,768","32,768","65,536","32,768","2,048","32,768","131,072","16,384","16,384","16,384","2,046","32,768","32,768","2,048","32,768","268,435,456","32,768","131,072","32,768","32,768","65,536","32,768","2,048","32,768","65,000","2,097,120","131,072","32,768","32,768","131,072","16,384","32,768","16,384","8,192","16,384","8,192","2,046","32,768","32,768",1,"10,501,000",1,0,0,0,0,0,46,8,4,1,0,0,0,1,0,0,1,0,"1,024",8,64,1,1,512,0,0,512,32,"65,536","12,878,086,144",1,0,1,32,8,0.75,8,0.81,8,683.48,48,4.51,177.54,0.92,4.51,0,0,0,"3,698.67",0.92,"4,000",0.99,"3,360",0.84,"22,192",0.92,"402,261.33",10.23,"402,432",10.23,"401,920",10.22,"2,413,568",61.37,"5,548",0,0.69,0.73,0.64,0.69,"75,414.50",1.92,1.92,"75,412",1.92,"301,658",7.67,3.35,5.40,1.89,3.35,1.77,3.02,1.08,1.77,6.00,10.08,3.49,6.00,0,0,0,0,10.08,3.49,6.00,0.92,0.99,0.84,0.92,39.33,39.33,39.33,"dram__bytes_read.sum,dram__bytes_read.sum.pct_of_peak_sustained_elapsed,dram__bytes_read.sum.per_second,dram__bytes_write.sum,dram__bytes_write.sum.pct_of_peak_sustained_elapsed,dram__bytes_write.sum.per_second,l1tex__data_pipe_lsu_wavefronts_mem_shared.sum.pct_of_peak_sustained_elapsed,l1tex__m_l1tex2xbar_write_bytes.sum,l1tex__m_l1tex2xbar_write_bytes.sum.pct_of_peak_sustained_elapsed,l1tex__m_l1tex2xbar_write_bytes.sum.per_second,l1tex__m_xbar2l1tex_read_bytes.sum,l1tex__m_xbar2l1tex_read_bytes.sum.pct_of_peak_sustained_elapsed,l1tex__m_xbar2l1tex_read_bytes.sum.per_second,l1tex__t_requests_pipe_lsu_mem_global_op_atom.sum,l1tex__t_requests_pipe_lsu_mem_global_op_atom.sum.pct_of_peak_sustained_elapsed,l1tex__t_requests_pipe_lsu_mem_global_op_ld.sum,l1tex__t_requests_pipe_lsu_mem_global_op_ld.sum.pct_of_peak_sustained_elapsed,l1tex__t_requests_pipe_lsu_mem_global_op_red.sum,l1tex__t_requests_pipe_lsu_mem_global_op_red.sum.pct_of_peak_sustained_elapsed,l1tex__t_requests_pipe_lsu_mem_global_op_st.sum,l1tex__t_requests_pipe_lsu_mem_global_op_st.sum.pct_of_peak_sustained_elapsed,l1tex__t_requests_pipe_lsu_mem_local_op_ld.sum,l1tex__t_requests_pipe_lsu_mem_local_op_ld.sum.pct_of_peak_sustained_elapsed,l1tex__t_requests_pipe_lsu_mem_local_op_st.sum,l1tex__t_requests_pipe_lsu_mem_local_op_st.sum.pct_of_peak_sustained_elapsed,l1tex__t_requests_pipe_tex_mem_surface_op_atom.sum,l1tex__t_requests_pipe_tex_mem_surface_op_atom.sum.pct_of_peak_sustained_elapsed,l1tex__t_requests_pipe_tex_mem_surface_op_ld.sum,l1tex__t_requests_pipe_tex_mem_surface_op_ld.sum.pct_of_peak_sustained_elapsed,l1tex__t_requests_pipe_tex_mem_surface_op_red.sum,l1tex__t_requests_pipe_tex_mem_surface_op_red.sum.pct_of_peak_sustained_elapsed,l1tex__t_requests_pipe_tex_mem_surface_op_st.sum,l1tex__t_requests_pipe_tex_mem_surface_op_st.sum.pct_of_peak_sustained_elapsed,l1tex__t_requests_pipe_tex_mem_texture.sum,l1tex__t_requests_pipe_tex_mem_texture.sum.pct_of_peak_sustained_elapsed,l1tex__t_sector_hit_rate.pct,lts__average_gcomp_input_sector_success_rate.pct,lts__average_gcomp_output_sector_compression_achieved_rate.ratio,lts__gcomp_input_sectors.sum,lts__gcomp_input_sectors.sum.pct_of_peak_sustained_elapsed,lts__gcomp_input_sectors.sum.per_second,lts__gcomp_output_sectors.sum,lts__gcomp_output_sectors.sum.pct_of_peak_sustained_elapsed,lts__gcomp_output_sectors.sum.per_second,lts__t_sector_hit_rate.pct,lts__t_sectors_srcunit_tex_aperture_peer_op_read_lookup_miss.sum,lts__t_sectors_srcunit_tex_aperture_peer_op_read_lookup_miss.sum.pct_of_peak_sustained_elapsed,lts__t_sectors_srcunit_tex_aperture_peer_op_read_lookup_miss.sum.per_second,lts__t_sectors_srcunit_tex_aperture_peer_op_red_lookup_miss.sum,lts__t_sectors_srcunit_tex_aperture_peer_op_red_lookup_miss.sum.pct_of_peak_sustained_elapsed,lts__t_sectors_srcunit_tex_aperture_peer_op_red_lookup_miss.sum.per_second,lts__t_sectors_srcunit_tex_aperture_peer_op_write_lookup_miss.sum,lts__t_sectors_srcunit_tex_aperture_peer_op_write_lookup_miss.sum.pct_of_peak_sustained_elapsed,lts__t_sectors_srcunit_tex_aperture_peer_op_write_lookup_miss.sum.per_second,lts__t_sectors_srcunit_tex_aperture_sysmem_op_read_lookup_miss.sum,lts__t_sectors_srcunit_tex_aperture_sysmem_op_read_lookup_miss.sum.pct_of_peak_sustained_elapsed,lts__t_sectors_srcunit_tex_aperture_sysmem_op_read_lookup_miss.sum.per_second,lts__t_sectors_srcunit_tex_aperture_sysmem_op_red_lookup_miss.sum,lts__t_sectors_srcunit_tex_aperture_sysmem_op_red_lookup_miss.sum.pct_of_peak_sustained_elapsed,lts__t_sectors_srcunit_tex_aperture_sysmem_op_red_lookup_miss.sum.per_second,lts__t_sectors_srcunit_tex_aperture_sysmem_op_write_lookup_miss.sum,lts__t_sectors_srcunit_tex_aperture_sysmem_op_write_lookup_miss.sum.pct_of_peak_sustained_elapsed,lts__t_sectors_srcunit_tex_aperture_sysmem_op_write_lookup_miss.sum.per_second,lts__t_sectors_srcunit_tex_op_read.avg.pct_of_peak_sustained_elapsed,lts__t_sectors_srcunit_tex_op_read.sum,lts__t_sectors_srcunit_tex_op_write.avg.pct_of_peak_sustained_elapsed,lts__t_sectors_srcunit_tex_op_write.sum,sm__sass_l1tex_data_bytes_write_pipe_lsu_mem_shared_op_ldgsts_cache_access.sum,sm__sass_l1tex_data_bytes_write_pipe_lsu_mem_shared_op_ldgsts_cache_access.sum.pct_of_peak_sustained_elapsed,sm__sass_l1tex_data_bytes_write_pipe_lsu_mem_shared_op_ldgsts_cache_access.sum.per_second,sm__sass_l1tex_m_xbar2l1tex_read_bytes_mem_global_op_ldgsts_cache_bypass.sum,sm__sass_l1tex_m_xbar2l1tex_read_bytes_mem_global_op_ldgsts_cache_bypass.sum.pct_of_peak_sustained_elapsed,sm__sass_l1tex_m_xbar2l1tex_read_bytes_mem_global_op_ldgsts_cache_bypass.sum.per_second,sm__sass_l1tex_t_requests_pipe_lsu_mem_global_op_ldgsts.sum,sm__sass_l1tex_t_requests_pipe_lsu_mem_global_op_ldgsts.sum.pct_of_peak_sustained_elapsed,smsp__cycles_elapsed.sum,smsp__inst_executed_op_generic_atom_dot_alu.sum,smsp__inst_executed_op_generic_atom_dot_alu.sum.pct_of_peak_sustained_elapsed,smsp__inst_executed_op_generic_atom_dot_cas.sum,smsp__inst_executed_op_generic_atom_dot_cas.s...","dram__bytes_read.sum,dram__bytes_read.sum.pct_of_peak_sustained_elapsed,dram__bytes_read.sum.per_second,dram__bytes_write.sum,dram__bytes_write.sum.pct_of_peak_sustained_elapsed,dram__bytes_write.sum.per_second,dram__sectors_read.sum,dram__sectors_write.sum","l1tex__lsu_writeback_active_mem_lg.sum,l1tex__lsu_writeback_active_mem_lg.sum.pct_of_peak_sustained_elapsed,l1tex__m_l1tex2xbar_write_sectors_mem_global_op_atom.sum,l1tex__m_l1tex2xbar_write_sectors_mem_global_op_atom.sum.pct_of_peak_sustained_elapsed,l1tex__m_l1tex2xbar_write_sectors_mem_global_op_red.sum,l1tex__m_l1tex2xbar_write_sectors_mem_global_op_red.sum.pct_of_peak_sustained_elapsed,l1tex__m_l1tex2xbar_write_sectors_mem_lg_op_st.sum,l1tex__m_l1tex2xbar_write_sectors_mem_lg_op_st.sum.pct_of_peak_sustained_elapsed,l1tex__m_l1tex2xbar_write_sectors_mem_surface_op_atom.sum,l1tex__m_l1tex2xbar_write_sectors_mem_surface_op_atom.sum.pct_of_peak_sustained_elapsed,l1tex__m_l1tex2xbar_write_sectors_mem_surface_op_red.sum,l1tex__m_l1tex2xbar_write_sectors_mem_surface_op_red.sum.pct_of_peak_sustained_elapsed,l1tex__m_l1tex2xbar_write_sectors_mem_surface_op_st.sum,l1tex__m_l1tex2xbar_write_sectors_mem_surface_op_st.sum.pct_of_peak_sustained_elapsed,l1tex__m_xbar2l1tex_read_sectors_mem_global_op_atom.sum,l1tex__m_xbar2l1tex_read_sectors_mem_global_op_atom.sum.pct_of_peak_sustained_elapsed,l1tex__m_xbar2l1tex_read_sectors_mem_lg_op_ld.sum,l1tex__m_xbar2l1tex_read_sectors_mem_lg_op_ld.sum.pct_of_peak_sustained_elapsed,l1tex__m_xbar2l1tex_read_sectors_mem_surface_op_atom.sum,l1tex__m_xbar2l1tex_read_sectors_mem_surface_op_atom.sum.pct_of_peak_sustained_elapsed,l1tex__m_xbar2l1tex_read_sectors_mem_surface_op_ld.sum,l1tex__m_xbar2l1tex_read_sectors_mem_surface_op_ld.sum.pct_of_peak_sustained_elapsed,l1tex__m_xbar2l1tex_read_sectors_mem_texture.sum,l1tex__m_xbar2l1tex_read_sectors_mem_texture.sum.pct_of_peak_sustained_elapsed,l1tex__t_output_wavefronts_pipe_lsu_mem_global_op_atom.sum,l1tex__t_output_wavefronts_pipe_lsu_mem_global_op_atom.sum.pct_of_peak_sustained_elapsed,l1tex__t_output_wavefronts_pipe_lsu_mem_global_op_ld.sum,l1tex__t_output_wavefronts_pipe_lsu_mem_global_op_ld.sum.pct_of_peak_sustained_elapsed,l1tex__t_output_wavefronts_pipe_lsu_mem_global_op_red.sum,l1tex__t_output_wavefronts_pipe_lsu_mem_global_op_red.sum.pct_of_peak_sustained_elapsed,l1tex__t_output_wavefronts_pipe_lsu_mem_global_op_st.sum,l1tex__t_output_wavefronts_pipe_lsu_mem_global_op_st.sum.pct_of_peak_sustained_elapsed,l1tex__t_output_wavefronts_pipe_lsu_mem_local_op_ld.sum,l1tex__t_output_wavefronts_pipe_lsu_mem_local_op_ld.sum.pct_of_peak_sustained_elapsed,l1tex__t_output_wavefronts_pipe_lsu_mem_local_op_st.sum,l1tex__t_output_wavefronts_pipe_lsu_mem_local_op_st.sum.pct_of_peak_sustained_elapsed,l1tex__t_output_wavefronts_pipe_tex_mem_surface_op_atom.sum,l1tex__t_output_wavefronts_pipe_tex_mem_surface_op_atom.sum.pct_of_peak_sustained_elapsed,l1tex__t_output_wavefronts_pipe_tex_mem_surface_op_ld.sum,l1tex__t_output_wavefronts_pipe_tex_mem_surface_op_ld.sum.pct_of_peak_sustained_elapsed,l1tex__t_output_wavefronts_pipe_tex_mem_surface_op_red.sum,l1tex__t_output_wavefronts_pipe_tex_mem_surface_op_red.sum.pct_of_peak_sustained_elapsed,l1tex__t_output_wavefronts_pipe_tex_mem_surface_op_st.sum,l1tex__t_output_wavefronts_pipe_tex_mem_surface_op_st.sum.pct_of_peak_sustained_elapsed,l1tex__t_output_wavefronts_pipe_tex_mem_texture.sum,l1tex__t_output_wavefronts_pipe_tex_mem_texture.sum.pct_of_peak_sustained_elapsed,l1tex__t_requests_pipe_lsu_mem_global_op_atom.sum,l1tex__t_requests_pipe_lsu_mem_global_op_atom.sum.pct_of_peak_sustained_elapsed,l1tex__t_requests_pipe_lsu_mem_global_op_ld.sum,l1tex__t_requests_pipe_lsu_mem_global_op_ld.sum.pct_of_peak_sustained_elapsed,l1tex__t_requests_pipe_lsu_mem_global_op_red.sum,l1tex__t_requests_pipe_lsu_mem_global_op_red.sum.pct_of_peak_sustained_elapsed,l1tex__t_requests_pipe_lsu_mem_global_op_st.sum,l1tex__t_requests_pipe_lsu_mem_global_op_st.sum.pct_of_peak_sustained_elapsed,l1tex__t_requests_pipe_lsu_mem_local_op_ld.sum,l1tex__t_requests_pipe_lsu_mem_local_op_ld.sum.pct_of_peak_sustained_elapsed,l1tex__t_requests_pipe_lsu_mem_local_op_st.sum,l1tex__t_requests_pipe_lsu_mem_local_op_st.sum.pct_of_peak_sustained_elapsed,l1tex__t_requests_pipe_tex_mem_surface_op_atom.sum,l1tex__t_requests_pipe_tex_mem_surface_op_atom.sum.pct_of_peak_sustained_elapsed,l1tex__t_requests_pipe_tex_mem_surface_op_ld.sum,l1tex__t_requests_pipe_tex_mem_surface_op_ld.sum.pct_of_peak_sustained_elapsed,l1tex__t_requests_pipe_tex_mem_surface_op_red.sum,l1tex__t_requests_pipe_tex_mem_surface_op_red.sum.pct_of_peak_sustained_elapsed,l1tex__t_requests_pipe_tex_mem_surface_op_st.sum,l1tex__t_requests_pipe_tex_mem_surface_op_st.sum.pct_of_peak_sustained_elapsed,l1tex__t_requests_pipe_tex_mem_texture.sum,l1tex__t_requests_pipe_tex_mem_texture.sum.pct_of_peak_sustained_elapsed,l1tex__t_sector_pipe_lsu_mem_global_op_atom_hit_rate.pct,l1tex__t_sector_pipe_lsu_mem_global_op_ld_hit_rate.pct,l1tex__t_sector_pipe_lsu_mem_global_op_red_hit_rate.pct,l1tex__t_sector_pipe_lsu_mem_global_op_st_hit_rate.pct,l1tex__t_sector_pipe_lsu_mem_local_op_ld_hit_rate.pct,l1tex__t_sector_pipe_lsu_mem_local_op_st_hit_rate.pct,l1tex__t_sector_pipe_tex_mem_surface_op_atom_...","lts__t_sectors_evict_first_lookup_hit.sum,lts__t_sectors_evict_first_lookup_miss.sum,lts__t_sectors_evict_last_lookup_hit.sum,lts__t_sectors_evict_last_lookup_miss.sum,lts__t_sectors_evict_normal_demote_lookup_hit.sum,lts__t_sectors_evict_normal_demote_lookup_miss.sum,lts__t_sectors_evict_normal_lookup_hit.sum,lts__t_sectors_evict_normal_lookup_miss.sum,lts__t_sectors_srcunit_tex_evict_first_lookup_hit.sum,lts__t_sectors_srcunit_tex_evict_first_lookup_miss.sum,lts__t_sectors_srcunit_tex_evict_last_lookup_hit.sum,lts__t_sectors_srcunit_tex_evict_last_lookup_miss.sum,lts__t_sectors_srcunit_tex_evict_normal_demote_lookup_hit.sum,lts__t_sectors_srcunit_tex_evict_normal_demote_lookup_miss.sum,lts__t_sectors_srcunit_tex_evict_normal_lookup_hit.sum,lts__t_sectors_srcunit_tex_evict_normal_lookup_miss.sum,lts__t_sectors_srcunit_tex_op_atom_evict_first_lookup_hit.sum,lts__t_sectors_srcunit_tex_op_atom_evict_first_lookup_miss.sum,lts__t_sectors_srcunit_tex_op_atom_evict_last_lookup_hit.sum,lts__t_sectors_srcunit_tex_op_atom_evict_last_lookup_miss.sum,lts__t_sectors_srcunit_tex_op_atom_evict_normal_lookup_hit.sum,lts__t_sectors_srcunit_tex_op_atom_evict_normal_lookup_miss.sum,lts__t_sectors_srcunit_tex_op_read_evict_first_lookup_hit.sum,lts__t_sectors_srcunit_tex_op_read_evict_first_lookup_miss.sum,lts__t_sectors_srcunit_tex_op_read_evict_last_lookup_hit.sum,lts__t_sectors_srcunit_tex_op_read_evict_last_lookup_miss.sum,lts__t_sectors_srcunit_tex_op_read_evict_normal_demote_lookup_hit.sum,lts__t_sectors_srcunit_tex_op_read_evict_normal_demote_lookup_miss.sum,lts__t_sectors_srcunit_tex_op_read_evict_normal_lookup_hit.sum,lts__t_sectors_srcunit_tex_op_read_evict_normal_lookup_miss.sum,lts__t_sectors_srcunit_tex_op_write_evict_first_lookup_hit.sum,lts__t_sectors_srcunit_tex_op_write_evict_first_lookup_miss.sum,lts__t_sectors_srcunit_tex_op_write_evict_last_lookup_hit.sum,lts__t_sectors_srcunit_tex_op_write_evict_last_lookup_miss.sum,lts__t_sectors_srcunit_tex_op_write_evict_normal_demote_lookup_hit.sum,lts__t_sectors_srcunit_tex_op_write_evict_normal_demote_lookup_miss.sum,lts__t_sectors_srcunit_tex_op_write_evict_normal_lookup_hit.sum,lts__t_sectors_srcunit_tex_op_write_evict_normal_lookup_miss.sum","lts__t_requests.sum,lts__t_requests_srcunit_tex.sum,lts__t_requests_srcunit_tex_op_atom_dot_alu.sum,lts__t_requests_srcunit_tex_op_atom_dot_cas.sum,lts__t_requests_srcunit_tex_op_read.sum,lts__t_requests_srcunit_tex_op_red.sum,lts__t_requests_srcunit_tex_op_write.sum,lts__t_sectors.avg.pct_of_peak_sustained_elapsed,lts__t_sectors.avg.peak_sustained,lts__t_sectors.avg.per_cycle_elapsed,lts__t_sectors.sum,lts__t_sectors.sum.per_second,lts__t_sectors_aperture_device_lookup_miss.sum,lts__t_sectors_aperture_peer_lookup_miss.sum,lts__t_sectors_aperture_sysmem_lookup_miss.sum,lts__t_sectors_data_ecc.avg.pct_of_peak_sustained_elapsed,lts__t_sectors_data_ecc.avg.peak_sustained,lts__t_sectors_data_ecc.avg.per_cycle_elapsed,lts__t_sectors_data_ecc.sum,lts__t_sectors_data_ecc.sum.per_second,lts__t_sectors_lookup_hit.sum,lts__t_sectors_lookup_miss.sum,lts__t_sectors_srcunit_tex.avg.pct_of_peak_sustained_elapsed,lts__t_sectors_srcunit_tex.avg.peak_sustained,lts__t_sectors_srcunit_tex.avg.per_cycle_elapsed,lts__t_sectors_srcunit_tex.sum,lts__t_sectors_srcunit_tex.sum.per_second,lts__t_sectors_srcunit_tex_aperture_device_lookup_miss.sum,lts__t_sectors_srcunit_tex_aperture_device_op_atom_dot_alu_lookup_miss.sum,lts__t_sectors_srcunit_tex_aperture_device_op_atom_dot_cas_lookup_miss.sum,lts__t_sectors_srcunit_tex_aperture_device_op_read_lookup_miss.sum,lts__t_sectors_srcunit_tex_aperture_device_op_red_lookup_miss.sum,lts__t_sectors_srcunit_tex_aperture_device_op_write_lookup_miss.sum,lts__t_sectors_srcunit_tex_aperture_peer_lookup_miss.sum,lts__t_sectors_srcunit_tex_aperture_peer_op_atom_dot_alu_lookup_miss.sum,lts__t_sectors_srcunit_tex_aperture_peer_op_atom_dot_cas_lookup_miss.sum,lts__t_sectors_srcunit_tex_aperture_peer_op_read_lookup_miss.sum,lts__t_sectors_srcunit_tex_aperture_peer_op_red_lookup_miss.sum,lts__t_sectors_srcunit_tex_aperture_peer_op_write_lookup_miss.sum,lts__t_sectors_srcunit_tex_aperture_sysmem_lookup_miss.sum,lts__t_sectors_srcunit_tex_aperture_sysmem_op_atom_dot_alu_lookup_miss.sum,lts__t_sectors_srcunit_tex_aperture_sysmem_op_atom_dot_cas_lookup_miss.sum,lts__t_sectors_srcunit_tex_aperture_sysmem_op_read_lookup_miss.sum,lts__t_sectors_srcunit_tex_aperture_sysmem_op_red_lookup_miss.sum,lts__t_sectors_srcunit_tex_aperture_sysmem_op_write_lookup_miss.sum,lts__t_sectors_srcunit_tex_lookup_hit.sum,lts__t_sectors_srcunit_tex_lookup_miss.sum,lts__t_sectors_srcunit_tex_op_atom_dot_alu.avg.pct_of_peak_sustained_elapsed,lts__t_sectors_srcunit_tex_op_atom_dot_alu.avg.peak_sustained,lts__t_sectors_srcunit_tex_op_atom_dot_alu.avg.per_cycle_elapsed,lts__t_sectors_srcunit_tex_op_atom_dot_alu.sum,lts__t_sectors_srcunit_tex_op_atom_dot_alu.sum.per_second,lts__t_sectors_srcunit_tex_op_atom_dot_alu_lookup_hit.sum,lts__t_sectors_srcunit_tex_op_atom_dot_alu_lookup_miss.sum,lts__t_sectors_srcunit_tex_op_atom_dot_cas.avg.pct_of_peak_sustained_elapsed,lts__t_sectors_srcunit_tex_op_atom_dot_cas.avg.peak_sustained,lts__t_sectors_srcunit_tex_op_atom_dot_cas.avg.per_cycle_elapsed,lts__t_sectors_srcunit_tex_op_atom_dot_cas.sum,lts__t_sectors_srcunit_tex_op_atom_dot_cas.sum.per_second,lts__t_sectors_srcunit_tex_op_atom_dot_cas_lookup_hit.sum,lts__t_sectors_srcunit_tex_op_atom_dot_cas_lookup_miss.sum,lts__t_sectors_srcunit_tex_op_read.avg.pct_of_peak_sustained_elapsed,lts__t_sectors_srcunit_tex_op_read.avg.peak_sustained,lts__t_sectors_srcunit_tex_op_read.avg.per_cycle_elapsed,lts__t_sectors_srcunit_tex_op_read.sum,lts__t_sectors_srcunit_tex_op_read.sum.per_second,lts__t_sectors_srcunit_tex_op_read_lookup_hit.sum,lts__t_sectors_srcunit_tex_op_read_lookup_miss.sum,lts__t_sectors_srcunit_tex_op_red.avg.pct_of_peak_sustained_elapsed,lts__t_sectors_srcunit_tex_op_red.avg.peak_sustained,lts__t_sectors_srcunit_tex_op_red.avg.per_cycle_elapsed,lts__t_sectors_srcunit_tex_op_red.sum,lts__t_sectors_srcunit_tex_op_red.sum.per_second,lts__t_sectors_srcunit_tex_op_red_lookup_hit.sum,lts__t_sectors_srcunit_tex_op_red_lookup_miss.sum,lts__t_sectors_srcunit_tex_op_write.avg.pct_of_peak_sustained_elapsed,lts__t_sectors_srcunit_tex_op_write.avg.peak_sustained,lts__t_sectors_srcunit_tex_op_write.avg.per_cycle_elapsed,lts__t_sectors_srcunit_tex_op_write.sum,lts__t_sectors_srcunit_tex_op_write.sum.per_second,lts__t_sectors_srcunit_tex_op_write_lookup_hit.sum,lts__t_sectors_srcunit_tex_op_write_lookup_miss.sum","l1tex__data_bank_conflicts_pipe_lsu_mem_shared.sum,l1tex__data_bank_conflicts_pipe_lsu_mem_shared_op_atom.sum,l1tex__data_bank_conflicts_pipe_lsu_mem_shared_op_ld.sum,l1tex__data_bank_conflicts_pipe_lsu_mem_shared_op_st.sum,l1tex__data_pipe_lsu_wavefronts_mem_shared.sum,l1tex__data_pipe_lsu_wavefronts_mem_shared.sum.pct_of_peak_sustained_elapsed,l1tex__data_pipe_lsu_wavefronts_mem_shared_op_atom.sum,l1tex__data_pipe_lsu_wavefronts_mem_shared_op_atom.sum.pct_of_peak_sustained_elapsed,l1tex__data_pipe_lsu_wavefronts_mem_shared_op_ld.sum,l1tex__data_pipe_lsu_wavefronts_mem_shared_op_ld.sum.pct_of_peak_sustained_elapsed,l1tex__data_pipe_lsu_wavefronts_mem_shared_op_st.sum,l1tex__data_pipe_lsu_wavefronts_mem_shared_op_st.sum.pct_of_peak_sustained_elapsed,smsp__inst_executed_op_ldgsts.sum,smsp__inst_executed_op_ldsm.sum,smsp__inst_executed_op_shared_atom.sum,smsp__sass_inst_executed_op_shared_ld.sum,smsp__sass_inst_executed_op_shared_st.sum,smsp__sass_l1tex_data_bank_conflicts_pipe_lsu_mem_shared_op_ldgsts.sum,smsp__sass_l1tex_data_bank_conflicts_pipe_lsu_mem_shared_op_st.sum,smsp__sass_l1tex_data_pipe_lsu_wavefronts_mem_shared_op_ldgsts.sum,smsp__sass_l1tex_data_pipe_lsu_wavefronts_mem_shared_op_ldgsts.sum.pct_of_peak_sustained_elapsed,smsp__sass_l1tex_data_pipe_lsu_wavefronts_mem_shared_op_st.sum,smsp__sass_l1tex_data_pipe_lsu_wavefronts_mem_shared_op_st.sum.pct_of_peak_sustained_elapsed","smsp__pcsamp_warps_issue_stalled_barrier,smsp__pcsamp_warps_issue_stalled_branch_resolving,smsp__pcsamp_warps_issue_stalled_dispatch_stall,smsp__pcsamp_warps_issue_stalled_drain,smsp__pcsamp_warps_issue_stalled_imc_miss,smsp__pcsamp_warps_issue_stalled_lg_throttle,smsp__pcsamp_warps_issue_stalled_long_scoreboard,smsp__pcsamp_warps_issue_stalled_math_pipe_throttle,smsp__pcsamp_warps_issue_stalled_membar,smsp__pcsamp_warps_issue_stalled_mio_throttle,smsp__pcsamp_warps_issue_stalled_misc,smsp__pcsamp_warps_issue_stalled_no_instructions,smsp__pcsamp_warps_issue_stalled_not_selected,smsp__pcsamp_warps_issue_stalled_selected,smsp__pcsamp_warps_issue_stalled_short_scoreboard,smsp__pcsamp_warps_issue_stalled_sleeping,smsp__pcsamp_warps_issue_stalled_tex_throttle,smsp__pcsamp_warps_issue_stalled_wait","smsp__pcsamp_warps_issue_stalled_barrier_not_issued,smsp__pcsamp_warps_issue_stalled_branch_resolving_not_issued,smsp__pcsamp_warps_issue_stalled_dispatch_stall_not_issued,smsp__pcsamp_warps_issue_stalled_drain_not_issued,smsp__pcsamp_warps_issue_stalled_imc_miss_not_issued,smsp__pcsamp_warps_issue_stalled_lg_throttle_not_issued,smsp__pcsamp_warps_issue_stalled_long_scoreboard_not_issued,smsp__pcsamp_warps_issue_stalled_math_pipe_throttle_not_issued,smsp__pcsamp_warps_issue_stalled_membar_not_issued,smsp__pcsamp_warps_issue_stalled_mio_throttle_not_issued,smsp__pcsamp_warps_issue_stalled_misc_not_issued,smsp__pcsamp_warps_issue_stalled_no_instructions_not_issued,smsp__pcsamp_warps_issue_stalled_not_selected_not_issued,smsp__pcsamp_warps_issue_stalled_selected_not_issued,smsp__pcsamp_warps_issue_stalled_short_scoreboard_not_issued,smsp__pcsamp_warps_issue_stalled_sleeping_not_issued,smsp__pcsamp_warps_issue_stalled_tex_throttle_not_issued,smsp__pcsamp_warps_issue_stalled_wait_not_issued",0,0,0,0,"148,096 {92}","25,273.37","73,225",0,"1,162,575","75,414.61","75,417","75,412","3,469,072",0,0,0,0,0.48,1.38,0,0.48,0.27,0.79,0,0.27,1.49,4.31,0,1.49,256,0.01,0,0,0,0,0,0,0,0,0,0,0,0,0,0,0.95,2.74,0,0.95,"33,024",0.95,2.86,8.21,0,2.86,2.00,5.73,0.00,2.00,2.11,1.90,53.74,0,0,0,0,"66,048",1.90,0,0,0,0,0,0,327.68,0.30,8.33,0.30,0.85,0,0.30,0,0,"10,240",0.30,0,0,0,0,0,0,0,0,"32,768",0.94,0,0,"16,512",0.48,0,0,0,0,0,0,0,0,0,0,0,0,0,0,0,0,"32,768",0.94,0,0,"16,512",0.48,0,0,0,0,0,0,0,0,0,0,0,0,0,0,92.73,0,87.50,0,99.22,0,0,0,0,0,0,0,0,0,0,"81,920","71,680","10,240",0,0,0,"66,048","65,536",512,0,0,0,0,0,0,0,0,0,0,0,0,0,0,0,0,0,0,0,0,0,0,0,0,0,0,0.02,0.02,0.02,0.02,8.52,3.99,24.50,8.21,0.05,0.02,8.52,3.99,32,8,1,256,1,0,CachePreferNone,"30,077,750,016",2,8,1,16,0,24,8,16,6,"2,484 {65}","4,976 {257}","1,176 {200}",26,"8,192",16.38,1.02,1.02,1.02,0,0,46,7,"4,096",0,0,0,0.06,0,0,"19,575.56","28,085","14,619","352,360","67,162","67,162","67,162","1,208,916",0,0,0,0,1.64,2.67,0.91,1.64,0.92,1.03,0.83,0.92,0,0,0,0,0,0,0,0,0,0,0.84,1.11,0.57,0.84,"21,353","20,608",0,0,"4,096",0,"16,512",93.14,49.59,100,"4,496.39",3.35,2,0.07,"7,260",5.40,"2,541",1.89,"80,935",3.35,2.06,"3,916",0,0,0,8,0,0,0,406,"35,476",0,0,0,0,"74,817","2,172","75,384","9,820",3.16,2,0.06,5.13,1.75,"76,288",3.16,1.94,"2,048",0,0,"2,048",0,0,0,0,0,0,0,0,0,0,0,0,0,0,0,0,0,0,0,0,0,0,0,0,0,0,0,0,0,0,0,0,0,0,0,0,0,0,"74,240","2,048","74,240",113.78,128,96,"2,048",0,1,0,0,0,0,0,0,1,0,0,0,0,0,0,0,0,0,0,0,0.42,2,0.01,"10,240",260.37,0,0,0,0,0,0,"8,192","2,048","8,192","2,048",0,1,0,0,0,0,0,5.46,1,0.05,"66,048",1.68,0,0,0,0,0,0,"66,048",0,"66,048",0,1.84,3.11,1.14,1.84,6.00,10.08,3.49,6.00,6.00,10.08,3.49,6.00,0 {16},0 {16},"49,280 {16}",0,0,"147,968 {16}","147,968 {16}",0,0 {16},1,1,1,1,0,0,0,0,0,0,0,0,1,0,0,0,0,0,0,0,0,0,0,0,0,0,0,0,312.45,312.45,312.45,312.45,0 {265},0,2 {2},14 {2},1 {2},0 {2},2 {2},8.54,8.54,8.54,332.92,8.54,8.54,8.54,332.92,39,0,1,1,1,1,"32,768","16,512",0,0,"148,096 {15}","148,096 {22}","148,096 {16}",0,0,"4,722,688 {15}","4,722,688 {22}","4,722,688 {16}","25,273.37","73,225",0,"1,162,575","75,414.61",1.92,"75,417",1.92,"75,412",1.92,"3,469,072",88.21,1.07,0.13,0.04,3.07,0.37,0.12,0,0,0,1.07,5.86,1.96,0.04,0.01,0.13,0.04,0,0,0.04,0.01,1.84,5.30,0,1.84,0.01,0.02,0,0.01,0.00,0.01,0,0.00,1.09,3.13,0,1.09,0,0,0,0,0,0,0,0,0,0,0,0,0,0,0,0,8.52,2.86,24.50,8.21,0,0,8.52,2.86,0,0,0,0,0,0,0,0,0,0,0,0,0,0,0,0,0.01,0.00,0.02,0.01,0,0,0.01,0.00,0,0,0,0,0,0,0,0,3.21,0.13,9.23,0.37,0,0,3.21,5.91,3.21,9.23,0,3.21,0,0,0,0,1.08,3.09,0,1.08,48,100,2.86,8.21,0,2.86,0,0,0,0,0.48,1.38,0,0.48,0.96,2.75,0,0.96,0.47,1.36,0,0.47,0.47,1.36,0,0.47,1.84,0.62,5.30,1.78,0,0,1.84,0.62,1.19,0.40,3.41,1.14,0,0,1.19,0.40,0.32,0.93,0,0.32,0,0,0,0,0,0,0,0,0,0,0,0,0,0,0,0,0,0,0,0,0,0,0,0,0,0,0,0,0,0,0,0,0,0,0,0,0,0,0,0,0,0,0,0,2,2,2,92,128,128,128,"5,888",8.21,0,2.86,16.83,8.08,48.64,23.35,0,0,16.83,371.67,62.30,62.79,0,0.09,0.13,0.01,0.67,0.17,58.20,0.02,0,0,0.00,0.14,0.13,1,0.02,0,0,2.02,0 {3},"25,545.65","73,767",0,"4,700,400","75,414.61",1.92,"75,417",1.92,"75,412",1.92,"13,876,288",352.83,804.87,"2,314",0,"148,096",25.04,72,0,"4,608",0,0,0,0,0,0,0,0,0,0,0,0,0,0,0,0,0,0,0,0,0,0,0,0,811.13,"2,332",0,"149,248",3.18,0.03,9.13,0.09,0,0,3.18,5.84,96.82,279.64,0,96.82,12,2,33.55,0,5,"1,024","1,133 {40}",0 {40},0 {40},4 {40},3 {40},2 {40},1 {40},1 {40},1 {40},9 {40},9 {40},3 {40},1 {40},"1,050 {40}","1,042 {40}",0 {40},0 {40},0 {40},0 {40},0 {40},0 {40},0 {40},0 {40},7 {40},6 {40},1 {40},0 {40},16 {40},0 {40},0 {40},0 {40},0 {40},0 {40},0 {40},0 {40},40 {40},30 {40},100,32,26.40,32,32,32,0,32,0,0,0,0,0,0 {16},0 {16},0 {16},0 {16},0 {16},0 {16},0 {16},"32,768","16,512",0,0,0,0,0,0,0,0,0,0,0,0,0,0,0,0,0,0,0,0,0,0,0,0,0,0,0,0,0,0,0.04,0.11,0,6.95,0.04,0.11,0,6.95,32,31.89,12,1.98,12,5.73,12,0,"2,208",364.00,0.04,0.10,0,6.57,"4,739,072 {92}","4,722,688 {92}"
1,2024-Dec-18 17:16:55,562,88.70,18.45,13,mm2_kernel2,_Z11mm2_kernel2iiiiffPfS_S_,mm2_kernel2..float..,"mm2_kernel2(int, int, int, int, float, float, float *, float *, float *)",[14933] 2mm.exe,14933,NVIDIA GeForce RTX 4070,0x55951d698a70,0x55951da1f2c0,"    0,    0,    0","    4,    8,    1","   32,    8,    1",3,"39,773",20.80,5.49,11.30,{283},{283},{283},32 {283},{278},{278},"1,130.33 {278}",729.04 {278},"25,584.52 {283}",2.48 {283},{278},0.09 {283},{278},0.04 {283},0.03 {283},213.24 {283},"4,904.42 {283}",{283},"dram__cycles_active.avg.pct_of_peak_sustained_elapsed,fbpa__dram_sectors.avg.pct_of_peak_sustained_elapsed,gpu__compute_memory_access_throughput_internal_activity.avg.pct_of_peak_sustained_elapsed,gpu__compute_memory_request_throughput_internal_activity.avg.pct_of_peak_sustained_elapsed,l1tex__data_bank_reads.avg.pct_of_peak_sustained_elapsed,l1tex__data_bank_writes.avg.pct_of_peak_sustained_elapsed,l1tex__data_pipe_lsu_wavefronts.avg.pct_of_peak_sustained_elapsed,l1tex__data_pipe_tex_wavefronts.avg.pct_of_peak_sustained_elapsed,l1tex__f_wavefronts.avg.pct_of_peak_sustained_elapsed,l1tex__lsu_writeback_active.avg.pct_of_peak_sustained_elapsed,l1tex__lsuin_requests.avg.pct_of_peak_sustained_elapsed,l1tex__m_l1tex2xbar_req_cycles_active.avg.pct_of_peak_sustained_elapsed,l1tex__m_xbar2l1tex_read_sectors.avg.pct_of_peak_sustained_elapsed,l1tex__tex_writeback_active.avg.pct_of_peak_sustained_elapsed,l1tex__texin_sm2tex_req_cycles_active.avg.pct_of_peak_sustained_elapsed,lts__d_atomic_input_cycles_active.avg.pct_of_peak_sustained_elapsed,lts__d_sectors.avg.pct_of_peak_sustained_elapsed,lts__d_sectors_fill_device.avg.pct_of_peak_sustained_elapsed,lts__d_sectors_fill_sysmem.avg.pct_of_peak_sustained_elapsed,lts__lts2xbar_cycles_active.avg.pct_of_peak_sustained_elapsed,lts__t_sectors.avg.pct_of_peak_sustained_elapsed,lts__t_tag_requests.avg.pct_of_peak_sustained_elapsed,lts__xbar2lts_cycles_active.avg.pct_of_peak_sustained_elapsed","dram__cycles_active.max.pct_of_peak_sustained_elapsed,fbpa__dram_sectors.max.pct_of_peak_sustained_elapsed,gpu__compute_memory_access_throughput_internal_activity.max.pct_of_peak_sustained_elapsed,gpu__compute_memory_request_throughput_internal_activity.max.pct_of_peak_sustained_elapsed,l1tex__data_bank_reads.max.pct_of_peak_sustained_elapsed,l1tex__data_bank_writes.max.pct_of_peak_sustained_elapsed,l1tex__data_pipe_lsu_wavefronts.max.pct_of_peak_sustained_elapsed,l1tex__data_pipe_tex_wavefronts.max.pct_of_peak_sustained_elapsed,l1tex__f_wavefronts.max.pct_of_peak_sustained_elapsed,l1tex__lsu_writeback_active.max.pct_of_peak_sustained_elapsed,l1tex__lsuin_requests.max.pct_of_peak_sustained_elapsed,l1tex__m_l1tex2xbar_req_cycles_active.max.pct_of_peak_sustained_elapsed,l1tex__m_xbar2l1tex_read_sectors.max.pct_of_peak_sustained_elapsed,l1tex__tex_writeback_active.max.pct_of_peak_sustained_elapsed,l1tex__texin_sm2tex_req_cycles_active.max.pct_of_peak_sustained_elapsed,lts__d_atomic_input_cycles_active.max.pct_of_peak_sustained_elapsed,lts__d_sectors.max.pct_of_peak_sustained_elapsed,lts__d_sectors_fill_device.max.pct_of_peak_sustained_elapsed,lts__d_sectors_fill_sysmem.max.pct_of_peak_sustained_elapsed,lts__lts2xbar_cycles_active.max.pct_of_peak_sustained_elapsed,lts__t_sectors.max.pct_of_peak_sustained_elapsed,lts__t_tag_requests.max.pct_of_peak_sustained_elapsed,lts__xbar2lts_cycles_active.max.pct_of_peak_sustained_elapsed","dram__cycles_active.min.pct_of_peak_sustained_elapsed,fbpa__dram_sectors.min.pct_of_peak_sustained_elapsed,gpu__compute_memory_access_throughput_internal_activity.min.pct_of_peak_sustained_elapsed,gpu__compute_memory_request_throughput_internal_activity.min.pct_of_peak_sustained_elapsed,l1tex__data_bank_reads.min.pct_of_peak_sustained_elapsed,l1tex__data_bank_writes.min.pct_of_peak_sustained_elapsed,l1tex__data_pipe_lsu_wavefronts.min.pct_of_peak_sustained_elapsed,l1tex__data_pipe_tex_wavefronts.min.pct_of_peak_sustained_elapsed,l1tex__f_wavefronts.min.pct_of_peak_sustained_elapsed,l1tex__lsu_writeback_active.min.pct_of_peak_sustained_elapsed,l1tex__lsuin_requests.min.pct_of_peak_sustained_elapsed,l1tex__m_l1tex2xbar_req_cycles_active.min.pct_of_peak_sustained_elapsed,l1tex__m_xbar2l1tex_read_sectors.min.pct_of_peak_sustained_elapsed,l1tex__tex_writeback_active.min.pct_of_peak_sustained_elapsed,l1tex__texin_sm2tex_req_cycles_active.min.pct_of_peak_sustained_elapsed,lts__d_atomic_input_cycles_active.min.pct_of_peak_sustained_elapsed,lts__d_sectors.min.pct_of_peak_sustained_elapsed,lts__d_sectors_fill_device.min.pct_of_peak_sustained_elapsed,lts__d_sectors_fill_sysmem.min.pct_of_peak_sustained_elapsed,lts__lts2xbar_cycles_active.min.pct_of_peak_sustained_elapsed,lts__t_sectors.min.pct_of_peak_sustained_elapsed,lts__t_tag_requests.min.pct_of_peak_sustained_elapsed,lts__xbar2lts_cycles_active.min.pct_of_peak_sustained_elapsed","dram__cycles_active.sum.pct_of_peak_sustained_elapsed,fbpa__dram_sectors.sum.pct_of_peak_sustained_elapsed,gpu__compute_memory_access_throughput_internal_activity.sum.pct_of_peak_sustained_elapsed,gpu__compute_memory_request_throughput_internal_activity.sum.pct_of_peak_sustained_elapsed,l1tex__data_bank_reads.sum.pct_of_peak_sustained_elapsed,l1tex__data_bank_writes.sum.pct_of_peak_sustained_elapsed,l1tex__data_pipe_lsu_wavefronts.sum.pct_of_peak_sustained_elapsed,l1tex__data_pipe_tex_wavefronts.sum.pct_of_peak_sustained_elapsed,l1tex__f_wavefronts.sum.pct_of_peak_sustained_elapsed,l1tex__lsu_writeback_active.sum.pct_of_peak_sustained_elapsed,l1tex__lsuin_requests.sum.pct_of_peak_sustained_elapsed,l1tex__m_l1tex2xbar_req_cycles_active.sum.pct_of_peak_sustained_elapsed,l1tex__m_xbar2l1tex_read_sectors.sum.pct_of_peak_sustained_elapsed,l1tex__tex_writeback_active.sum.pct_of_peak_sustained_elapsed,l1tex__texin_sm2tex_req_cycles_active.sum.pct_of_peak_sustained_elapsed,lts__d_atomic_input_cycles_active.sum.pct_of_peak_sustained_elapsed,lts__d_sectors.sum.pct_of_peak_sustained_elapsed,lts__d_sectors_fill_device.sum.pct_of_peak_sustained_elapsed,lts__d_sectors_fill_sysmem.sum.pct_of_peak_sustained_elapsed,lts__lts2xbar_cycles_active.sum.pct_of_peak_sustained_elapsed,lts__t_sectors.sum.pct_of_peak_sustained_elapsed,lts__t_tag_requests.sum.pct_of_peak_sustained_elapsed,lts__xbar2lts_cycles_active.sum.pct_of_peak_sustained_elapsed","idc__request_cycles_active.avg.pct_of_peak_sustained_elapsed,sm__inst_executed.avg.pct_of_peak_sustained_elapsed,sm__inst_executed_pipe_adu.avg.pct_of_peak_sustained_elapsed,sm__inst_executed_pipe_cbu_pred_on_any.avg.pct_of_peak_sustained_elapsed,sm__inst_executed_pipe_ipa.avg.pct_of_peak_sustained_elapsed,sm__inst_executed_pipe_lsu.avg.pct_of_peak_sustained_elapsed,sm__inst_executed_pipe_tex.avg.pct_of_peak_sustained_elapsed,sm__inst_executed_pipe_uniform.avg.pct_of_peak_sustained_elapsed,sm__inst_executed_pipe_xu.avg.pct_of_peak_sustained_elapsed,sm__instruction_throughput_internal_activity.avg.pct_of_peak_sustained_elapsed,sm__issue_active.avg.pct_of_peak_sustained_elapsed,sm__memory_throughput_internal_activity.avg.pct_of_peak_sustained_elapsed,sm__mio2rf_writeback_active.avg.pct_of_peak_sustained_elapsed,sm__mio_inst_issued.avg.pct_of_peak_sustained_elapsed,sm__mio_pq_read_cycles_active.avg.pct_of_peak_sustained_elapsed,sm__mio_pq_write_cycles_active.avg.pct_of_peak_sustained_elapsed,sm__pipe_alu_cycles_active.avg.pct_of_peak_sustained_elapsed,sm__pipe_fma_cycles_active.avg.pct_of_peak_sustained_elapsed,sm__pipe_fmaheavy_cycles_active.avg.pct_of_peak_sustained_elapsed,sm__pipe_fp64_cycles_active.avg.pct_of_peak_sustained_elapsed,sm__pipe_tensor_cycles_active.avg.pct_of_peak_sustained_elapsed,sm__pipe_tensor_cycles_active_v2.avg.pct_of_peak_sustained_elapsed","idc__request_cycles_active.max.pct_of_peak_sustained_elapsed,sm__inst_executed.max.pct_of_peak_sustained_elapsed,sm__inst_executed_pipe_adu.max.pct_of_peak_sustained_elapsed,sm__inst_executed_pipe_cbu_pred_on_any.max.pct_of_peak_sustained_elapsed,sm__inst_executed_pipe_ipa.max.pct_of_peak_sustained_elapsed,sm__inst_executed_pipe_lsu.max.pct_of_peak_sustained_elapsed,sm__inst_executed_pipe_tex.max.pct_of_peak_sustained_elapsed,sm__inst_executed_pipe_uniform.max.pct_of_peak_sustained_elapsed,sm__inst_executed_pipe_xu.max.pct_of_peak_sustained_elapsed,sm__instruction_throughput_internal_activity.max.pct_of_peak_sustained_elapsed,sm__issue_active.max.pct_of_peak_sustained_elapsed,sm__memory_throughput_internal_activity.max.pct_of_peak_sustained_elapsed,sm__mio2rf_writeback_active.max.pct_of_peak_sustained_elapsed,sm__mio_inst_issued.max.pct_of_peak_sustained_elapsed,sm__mio_pq_read_cycles_active.max.pct_of_peak_sustained_elapsed,sm__mio_pq_write_cycles_active.max.pct_of_peak_sustained_elapsed,sm__pipe_alu_cycles_active.max.pct_of_peak_sustained_elapsed,sm__pipe_fma_cycles_active.max.pct_of_peak_sustained_elapsed,sm__pipe_fmaheavy_cycles_active.max.pct_of_peak_sustained_elapsed,sm__pipe_fp64_cycles_active.max.pct_of_peak_sustained_elapsed,sm__pipe_tensor_cycles_active.max.pct_of_peak_sustained_elapsed,sm__pipe_tensor_cycles_active_v2.max.pct_of_peak_sustained_elapsed","idc__request_cycles_active.min.pct_of_peak_sustained_elapsed,sm__inst_executed.min.pct_of_peak_sustained_elapsed,sm__inst_executed_pipe_adu.min.pct_of_peak_sustained_elapsed,sm__inst_executed_pipe_cbu_pred_on_any.min.pct_of_peak_sustained_elapsed,sm__inst_executed_pipe_ipa.min.pct_of_peak_sustained_elapsed,sm__inst_executed_pipe_lsu.min.pct_of_peak_sustained_elapsed,sm__inst_executed_pipe_tex.min.pct_of_peak_sustained_elapsed,sm__inst_executed_pipe_uniform.min.pct_of_peak_sustained_elapsed,sm__inst_executed_pipe_xu.min.pct_of_peak_sustained_elapsed,sm__instruction_throughput_internal_activity.min.pct_of_peak_sustained_elapsed,sm__issue_active.min.pct_of_peak_sustained_elapsed,sm__memory_throughput_internal_activity.min.pct_of_peak_sustained_elapsed,sm__mio2rf_writeback_active.min.pct_of_peak_sustained_elapsed,sm__mio_inst_issued.min.pct_of_peak_sustained_elapsed,sm__mio_pq_read_cycles_active.min.pct_of_peak_sustained_elapsed,sm__mio_pq_write_cycles_active.min.pct_of_peak_sustained_elapsed,sm__pipe_alu_cycles_active.min.pct_of_peak_sustained_elapsed,sm__pipe_fma_cycles_active.min.pct_of_peak_sustained_elapsed,sm__pipe_fmaheavy_cycles_active.min.pct_of_peak_sustained_elapsed,sm__pipe_fp64_cycles_active.min.pct_of_peak_sustained_elapsed,sm__pipe_tensor_cycles_active.min.pct_of_peak_sustained_elapsed,sm__pipe_tensor_cycles_active_v2.min.pct_of_peak_sustained_elapsed","idc__request_cycles_active.sum.pct_of_peak_sustained_elapsed,sm__inst_executed.sum.pct_of_peak_sustained_elapsed,sm__inst_executed_pipe_adu.sum.pct_of_peak_sustained_elapsed,sm__inst_executed_pipe_cbu_pred_on_any.sum.pct_of_peak_sustained_elapsed,sm__inst_executed_pipe_ipa.sum.pct_of_peak_sustained_elapsed,sm__inst_executed_pipe_lsu.sum.pct_of_peak_sustained_elapsed,sm__inst_executed_pipe_tex.sum.pct_of_peak_sustained_elapsed,sm__inst_executed_pipe_uniform.sum.pct_of_peak_sustained_elapsed,sm__inst_executed_pipe_xu.sum.pct_of_peak_sustained_elapsed,sm__instruction_throughput_internal_activity.sum.pct_of_peak_sustained_elapsed,sm__issue_active.sum.pct_of_peak_sustained_elapsed,sm__memory_throughput_internal_activity.sum.pct_of_peak_sustained_elapsed,sm__mio2rf_writeback_active.sum.pct_of_peak_sustained_elapsed,sm__mio_inst_issued.sum.pct_of_peak_sustained_elapsed,sm__mio_pq_read_cycles_active.sum.pct_of_peak_sustained_elapsed,sm__mio_pq_write_cycles_active.sum.pct_of_peak_sustained_elapsed,sm__pipe_alu_cycles_active.sum.pct_of_peak_sustained_elapsed,sm__pipe_fma_cycles_active.sum.pct_of_peak_sustained_elapsed,sm__pipe_fmaheavy_cycles_active.sum.pct_of_peak_sustained_elapsed,sm__pipe_fp64_cycles_active.sum.pct_of_peak_sustained_elapsed,sm__pipe_tensor_cycles_active.sum.pct_of_peak_sustained_elapsed,sm__pipe_tensor_cycles_active_v2.sum.pct_of_peak_sustained_elapsed",0,0,"2,208 {87}","2,110 {87}",0 {87},0,0 {17},184,"11,776",0.04,0,26.37,400,1,0,1,1,1,0,0,0,1,0,404,"2,550,000",0,8,9,0,1,1,0,No-CC,1,0,1,0,0,NVIDIA GeForce RTX 4070,0,0,192,3,1,1,192,0,0,0,0,1,"663,097,566","10,118","32,000",16,3,3,"16,000",16,161,"402,526,430",1,0,0,0,0,1,404,0,1,1,"37,748,736",24,24,1,1,"134,213,632","1,024","1,024",64,24,"2,550,000","2,147,483,647","65,535","65,535",4,1,"10,501,000","25,952,256","2,147,483,647","65,536","65,536",255,"49,152","101,376","102,400","1,024","1,536",48,12,"2,048","32,768","32,768","65,536","32,768","2,048","32,768","131,072","16,384","16,384","16,384","2,046","32,768","32,768","2,048","32,768","268,435,456","32,768","131,072","32,768","32,768","65,536","32,768","2,048","32,768","65,000","2,097,120","131,072","32,768","32,768","131,072","16,384","32,768","16,384","8,192","16,384","8,192","2,046","32,768","32,768",1,"10,501,000",1,0,0,0,0,0,46,8,4,1,0,0,0,1,0,0,1,0,"1,024",8,64,1,1,512,0,0,512,32,"65,536","12,878,086,144",1,0,1,32,8,1.02,8,1.14,8,861.54,48,6.11,127.10,1.25,6.11,0,0,0,"2,648",1.25,"2,976",1.40,"2,240",1.06,"15,888",1.25,"212,309.33",10.21,"212,480",10.22,"211,968",10.19,"1,273,856",61.24,"3,972",0,0.93,1.02,0.84,0.93,"39,770.50",1.91,1.91,"39,768",1.91,"159,082",7.65,6.30,7.04,5.22,6.30,3.40,3.91,2.74,3.40,11.30,12.77,9.41,11.30,0,0,0,0,12.77,9.41,11.30,1.25,1.40,1.06,1.25,20.80,20.80,20.80,"dram__bytes_read.sum,dram__bytes_read.sum.pct_of_peak_sustained_elapsed,dram__bytes_read.sum.per_second,dram__bytes_write.sum,dram__bytes_write.sum.pct_of_peak_sustained_elapsed,dram__bytes_write.sum.per_second,l1tex__data_pipe_lsu_wavefronts_mem_shared.sum.pct_of_peak_sustained_elapsed,l1tex__m_l1tex2xbar_write_bytes.sum,l1tex__m_l1tex2xbar_write_bytes.sum.pct_of_peak_sustained_elapsed,l1tex__m_l1tex2xbar_write_bytes.sum.per_second,l1tex__m_xbar2l1tex_read_bytes.sum,l1tex__m_xbar2l1tex_read_bytes.sum.pct_of_peak_sustained_elapsed,l1tex__m_xbar2l1tex_read_bytes.sum.per_second,l1tex__t_requests_pipe_lsu_mem_global_op_atom.sum,l1tex__t_requests_pipe_lsu_mem_global_op_atom.sum.pct_of_peak_sustained_elapsed,l1tex__t_requests_pipe_lsu_mem_global_op_ld.sum,l1tex__t_requests_pipe_lsu_mem_global_op_ld.sum.pct_of_peak_sustained_elapsed,l1tex__t_requests_pipe_lsu_mem_global_op_red.sum,l1tex__t_requests_pipe_lsu_mem_global_op_red.sum.pct_of_peak_sustained_elapsed,l1tex__t_requests_pipe_lsu_mem_global_op_st.sum,l1tex__t_requests_pipe_lsu_mem_global_op_st.sum.pct_of_peak_sustained_elapsed,l1tex__t_requests_pipe_lsu_mem_local_op_ld.sum,l1tex__t_requests_pipe_lsu_mem_local_op_ld.sum.pct_of_peak_sustained_elapsed,l1tex__t_requests_pipe_lsu_mem_local_op_st.sum,l1tex__t_requests_pipe_lsu_mem_local_op_st.sum.pct_of_peak_sustained_elapsed,l1tex__t_requests_pipe_tex_mem_surface_op_atom.sum,l1tex__t_requests_pipe_tex_mem_surface_op_atom.sum.pct_of_peak_sustained_elapsed,l1tex__t_requests_pipe_tex_mem_surface_op_ld.sum,l1tex__t_requests_pipe_tex_mem_surface_op_ld.sum.pct_of_peak_sustained_elapsed,l1tex__t_requests_pipe_tex_mem_surface_op_red.sum,l1tex__t_requests_pipe_tex_mem_surface_op_red.sum.pct_of_peak_sustained_elapsed,l1tex__t_requests_pipe_tex_mem_surface_op_st.sum,l1tex__t_requests_pipe_tex_mem_surface_op_st.sum.pct_of_peak_sustained_elapsed,l1tex__t_requests_pipe_tex_mem_texture.sum,l1tex__t_requests_pipe_tex_mem_texture.sum.pct_of_peak_sustained_elapsed,l1tex__t_sector_hit_rate.pct,lts__average_gcomp_input_sector_success_rate.pct,lts__average_gcomp_output_sector_compression_achieved_rate.ratio,lts__gcomp_input_sectors.sum,lts__gcomp_input_sectors.sum.pct_of_peak_sustained_elapsed,lts__gcomp_input_sectors.sum.per_second,lts__gcomp_output_sectors.sum,lts__gcomp_output_sectors.sum.pct_of_peak_sustained_elapsed,lts__gcomp_output_sectors.sum.per_second,lts__t_sector_hit_rate.pct,lts__t_sectors_srcunit_tex_aperture_peer_op_read_lookup_miss.sum,lts__t_sectors_srcunit_tex_aperture_peer_op_read_lookup_miss.sum.pct_of_peak_sustained_elapsed,lts__t_sectors_srcunit_tex_aperture_peer_op_read_lookup_miss.sum.per_second,lts__t_sectors_srcunit_tex_aperture_peer_op_red_lookup_miss.sum,lts__t_sectors_srcunit_tex_aperture_peer_op_red_lookup_miss.sum.pct_of_peak_sustained_elapsed,lts__t_sectors_srcunit_tex_aperture_peer_op_red_lookup_miss.sum.per_second,lts__t_sectors_srcunit_tex_aperture_peer_op_write_lookup_miss.sum,lts__t_sectors_srcunit_tex_aperture_peer_op_write_lookup_miss.sum.pct_of_peak_sustained_elapsed,lts__t_sectors_srcunit_tex_aperture_peer_op_write_lookup_miss.sum.per_second,lts__t_sectors_srcunit_tex_aperture_sysmem_op_read_lookup_miss.sum,lts__t_sectors_srcunit_tex_aperture_sysmem_op_read_lookup_miss.sum.pct_of_peak_sustained_elapsed,lts__t_sectors_srcunit_tex_aperture_sysmem_op_read_lookup_miss.sum.per_second,lts__t_sectors_srcunit_tex_aperture_sysmem_op_red_lookup_miss.sum,lts__t_sectors_srcunit_tex_aperture_sysmem_op_red_lookup_miss.sum.pct_of_peak_sustained_elapsed,lts__t_sectors_srcunit_tex_aperture_sysmem_op_red_lookup_miss.sum.per_second,lts__t_sectors_srcunit_tex_aperture_sysmem_op_write_lookup_miss.sum,lts__t_sectors_srcunit_tex_aperture_sysmem_op_write_lookup_miss.sum.pct_of_peak_sustained_elapsed,lts__t_sectors_srcunit_tex_aperture_sysmem_op_write_lookup_miss.sum.per_second,lts__t_sectors_srcunit_tex_op_read.avg.pct_of_peak_sustained_elapsed,lts__t_sectors_srcunit_tex_op_read.sum,lts__t_sectors_srcunit_tex_op_write.avg.pct_of_peak_sustained_elapsed,lts__t_sectors_srcunit_tex_op_write.sum,sm__sass_l1tex_data_bytes_write_pipe_lsu_mem_shared_op_ldgsts_cache_access.sum,sm__sass_l1tex_data_bytes_write_pipe_lsu_mem_shared_op_ldgsts_cache_access.sum.pct_of_peak_sustained_elapsed,sm__sass_l1tex_data_bytes_write_pipe_lsu_mem_shared_op_ldgsts_cache_access.sum.per_second,sm__sass_l1tex_m_xbar2l1tex_read_bytes_mem_global_op_ldgsts_cache_bypass.sum,sm__sass_l1tex_m_xbar2l1tex_read_bytes_mem_global_op_ldgsts_cache_bypass.sum.pct_of_peak_sustained_elapsed,sm__sass_l1tex_m_xbar2l1tex_read_bytes_mem_global_op_ldgsts_cache_bypass.sum.per_second,sm__sass_l1tex_t_requests_pipe_lsu_mem_global_op_ldgsts.sum,sm__sass_l1tex_t_requests_pipe_lsu_mem_global_op_ldgsts.sum.pct_of_peak_sustained_elapsed,smsp__cycles_elapsed.sum,smsp__inst_executed_op_generic_atom_dot_alu.sum,smsp__inst_executed_op_generic_atom_dot_alu.sum.pct_of_peak_sustained_elapsed,smsp__inst_executed_op_generic_atom_dot_cas.sum,smsp__inst_executed_op_generic_atom_dot_cas.s...","dram__bytes_read.sum,dram__bytes_read.sum.pct_of_peak_sustained_elapsed,dram__bytes_read.sum.per_second,dram__bytes_write.sum,dram__bytes_write.sum.pct_of_peak_sustained_elapsed,dram__bytes_write.sum.per_second,dram__sectors_read.sum,dram__sectors_write.sum","l1tex__lsu_writeback_active_mem_lg.sum,l1tex__lsu_writeback_active_mem_lg.sum.pct_of_peak_sustained_elapsed,l1tex__m_l1tex2xbar_write_sectors_mem_global_op_atom.sum,l1tex__m_l1tex2xbar_write_sectors_mem_global_op_atom.sum.pct_of_peak_sustained_elapsed,l1tex__m_l1tex2xbar_write_sectors_mem_global_op_red.sum,l1tex__m_l1tex2xbar_write_sectors_mem_global_op_red.sum.pct_of_peak_sustained_elapsed,l1tex__m_l1tex2xbar_write_sectors_mem_lg_op_st.sum,l1tex__m_l1tex2xbar_write_sectors_mem_lg_op_st.sum.pct_of_peak_sustained_elapsed,l1tex__m_l1tex2xbar_write_sectors_mem_surface_op_atom.sum,l1tex__m_l1tex2xbar_write_sectors_mem_surface_op_atom.sum.pct_of_peak_sustained_elapsed,l1tex__m_l1tex2xbar_write_sectors_mem_surface_op_red.sum,l1tex__m_l1tex2xbar_write_sectors_mem_surface_op_red.sum.pct_of_peak_sustained_elapsed,l1tex__m_l1tex2xbar_write_sectors_mem_surface_op_st.sum,l1tex__m_l1tex2xbar_write_sectors_mem_surface_op_st.sum.pct_of_peak_sustained_elapsed,l1tex__m_xbar2l1tex_read_sectors_mem_global_op_atom.sum,l1tex__m_xbar2l1tex_read_sectors_mem_global_op_atom.sum.pct_of_peak_sustained_elapsed,l1tex__m_xbar2l1tex_read_sectors_mem_lg_op_ld.sum,l1tex__m_xbar2l1tex_read_sectors_mem_lg_op_ld.sum.pct_of_peak_sustained_elapsed,l1tex__m_xbar2l1tex_read_sectors_mem_surface_op_atom.sum,l1tex__m_xbar2l1tex_read_sectors_mem_surface_op_atom.sum.pct_of_peak_sustained_elapsed,l1tex__m_xbar2l1tex_read_sectors_mem_surface_op_ld.sum,l1tex__m_xbar2l1tex_read_sectors_mem_surface_op_ld.sum.pct_of_peak_sustained_elapsed,l1tex__m_xbar2l1tex_read_sectors_mem_texture.sum,l1tex__m_xbar2l1tex_read_sectors_mem_texture.sum.pct_of_peak_sustained_elapsed,l1tex__t_output_wavefronts_pipe_lsu_mem_global_op_atom.sum,l1tex__t_output_wavefronts_pipe_lsu_mem_global_op_atom.sum.pct_of_peak_sustained_elapsed,l1tex__t_output_wavefronts_pipe_lsu_mem_global_op_ld.sum,l1tex__t_output_wavefronts_pipe_lsu_mem_global_op_ld.sum.pct_of_peak_sustained_elapsed,l1tex__t_output_wavefronts_pipe_lsu_mem_global_op_red.sum,l1tex__t_output_wavefronts_pipe_lsu_mem_global_op_red.sum.pct_of_peak_sustained_elapsed,l1tex__t_output_wavefronts_pipe_lsu_mem_global_op_st.sum,l1tex__t_output_wavefronts_pipe_lsu_mem_global_op_st.sum.pct_of_peak_sustained_elapsed,l1tex__t_output_wavefronts_pipe_lsu_mem_local_op_ld.sum,l1tex__t_output_wavefronts_pipe_lsu_mem_local_op_ld.sum.pct_of_peak_sustained_elapsed,l1tex__t_output_wavefronts_pipe_lsu_mem_local_op_st.sum,l1tex__t_output_wavefronts_pipe_lsu_mem_local_op_st.sum.pct_of_peak_sustained_elapsed,l1tex__t_output_wavefronts_pipe_tex_mem_surface_op_atom.sum,l1tex__t_output_wavefronts_pipe_tex_mem_surface_op_atom.sum.pct_of_peak_sustained_elapsed,l1tex__t_output_wavefronts_pipe_tex_mem_surface_op_ld.sum,l1tex__t_output_wavefronts_pipe_tex_mem_surface_op_ld.sum.pct_of_peak_sustained_elapsed,l1tex__t_output_wavefronts_pipe_tex_mem_surface_op_red.sum,l1tex__t_output_wavefronts_pipe_tex_mem_surface_op_red.sum.pct_of_peak_sustained_elapsed,l1tex__t_output_wavefronts_pipe_tex_mem_surface_op_st.sum,l1tex__t_output_wavefronts_pipe_tex_mem_surface_op_st.sum.pct_of_peak_sustained_elapsed,l1tex__t_output_wavefronts_pipe_tex_mem_texture.sum,l1tex__t_output_wavefronts_pipe_tex_mem_texture.sum.pct_of_peak_sustained_elapsed,l1tex__t_requests_pipe_lsu_mem_global_op_atom.sum,l1tex__t_requests_pipe_lsu_mem_global_op_atom.sum.pct_of_peak_sustained_elapsed,l1tex__t_requests_pipe_lsu_mem_global_op_ld.sum,l1tex__t_requests_pipe_lsu_mem_global_op_ld.sum.pct_of_peak_sustained_elapsed,l1tex__t_requests_pipe_lsu_mem_global_op_red.sum,l1tex__t_requests_pipe_lsu_mem_global_op_red.sum.pct_of_peak_sustained_elapsed,l1tex__t_requests_pipe_lsu_mem_global_op_st.sum,l1tex__t_requests_pipe_lsu_mem_global_op_st.sum.pct_of_peak_sustained_elapsed,l1tex__t_requests_pipe_lsu_mem_local_op_ld.sum,l1tex__t_requests_pipe_lsu_mem_local_op_ld.sum.pct_of_peak_sustained_elapsed,l1tex__t_requests_pipe_lsu_mem_local_op_st.sum,l1tex__t_requests_pipe_lsu_mem_local_op_st.sum.pct_of_peak_sustained_elapsed,l1tex__t_requests_pipe_tex_mem_surface_op_atom.sum,l1tex__t_requests_pipe_tex_mem_surface_op_atom.sum.pct_of_peak_sustained_elapsed,l1tex__t_requests_pipe_tex_mem_surface_op_ld.sum,l1tex__t_requests_pipe_tex_mem_surface_op_ld.sum.pct_of_peak_sustained_elapsed,l1tex__t_requests_pipe_tex_mem_surface_op_red.sum,l1tex__t_requests_pipe_tex_mem_surface_op_red.sum.pct_of_peak_sustained_elapsed,l1tex__t_requests_pipe_tex_mem_surface_op_st.sum,l1tex__t_requests_pipe_tex_mem_surface_op_st.sum.pct_of_peak_sustained_elapsed,l1tex__t_requests_pipe_tex_mem_texture.sum,l1tex__t_requests_pipe_tex_mem_texture.sum.pct_of_peak_sustained_elapsed,l1tex__t_sector_pipe_lsu_mem_global_op_atom_hit_rate.pct,l1tex__t_sector_pipe_lsu_mem_global_op_ld_hit_rate.pct,l1tex__t_sector_pipe_lsu_mem_global_op_red_hit_rate.pct,l1tex__t_sector_pipe_lsu_mem_global_op_st_hit_rate.pct,l1tex__t_sector_pipe_lsu_mem_local_op_ld_hit_rate.pct,l1tex__t_sector_pipe_lsu_mem_local_op_st_hit_rate.pct,l1tex__t_sector_pipe_tex_mem_surface_op_atom_...","lts__t_sectors_evict_first_lookup_hit.sum,lts__t_sectors_evict_first_lookup_miss.sum,lts__t_sectors_evict_last_lookup_hit.sum,lts__t_sectors_evict_last_lookup_miss.sum,lts__t_sectors_evict_normal_demote_lookup_hit.sum,lts__t_sectors_evict_normal_demote_lookup_miss.sum,lts__t_sectors_evict_normal_lookup_hit.sum,lts__t_sectors_evict_normal_lookup_miss.sum,lts__t_sectors_srcunit_tex_evict_first_lookup_hit.sum,lts__t_sectors_srcunit_tex_evict_first_lookup_miss.sum,lts__t_sectors_srcunit_tex_evict_last_lookup_hit.sum,lts__t_sectors_srcunit_tex_evict_last_lookup_miss.sum,lts__t_sectors_srcunit_tex_evict_normal_demote_lookup_hit.sum,lts__t_sectors_srcunit_tex_evict_normal_demote_lookup_miss.sum,lts__t_sectors_srcunit_tex_evict_normal_lookup_hit.sum,lts__t_sectors_srcunit_tex_evict_normal_lookup_miss.sum,lts__t_sectors_srcunit_tex_op_atom_evict_first_lookup_hit.sum,lts__t_sectors_srcunit_tex_op_atom_evict_first_lookup_miss.sum,lts__t_sectors_srcunit_tex_op_atom_evict_last_lookup_hit.sum,lts__t_sectors_srcunit_tex_op_atom_evict_last_lookup_miss.sum,lts__t_sectors_srcunit_tex_op_atom_evict_normal_lookup_hit.sum,lts__t_sectors_srcunit_tex_op_atom_evict_normal_lookup_miss.sum,lts__t_sectors_srcunit_tex_op_read_evict_first_lookup_hit.sum,lts__t_sectors_srcunit_tex_op_read_evict_first_lookup_miss.sum,lts__t_sectors_srcunit_tex_op_read_evict_last_lookup_hit.sum,lts__t_sectors_srcunit_tex_op_read_evict_last_lookup_miss.sum,lts__t_sectors_srcunit_tex_op_read_evict_normal_demote_lookup_hit.sum,lts__t_sectors_srcunit_tex_op_read_evict_normal_demote_lookup_miss.sum,lts__t_sectors_srcunit_tex_op_read_evict_normal_lookup_hit.sum,lts__t_sectors_srcunit_tex_op_read_evict_normal_lookup_miss.sum,lts__t_sectors_srcunit_tex_op_write_evict_first_lookup_hit.sum,lts__t_sectors_srcunit_tex_op_write_evict_first_lookup_miss.sum,lts__t_sectors_srcunit_tex_op_write_evict_last_lookup_hit.sum,lts__t_sectors_srcunit_tex_op_write_evict_last_lookup_miss.sum,lts__t_sectors_srcunit_tex_op_write_evict_normal_demote_lookup_hit.sum,lts__t_sectors_srcunit_tex_op_write_evict_normal_demote_lookup_miss.sum,lts__t_sectors_srcunit_tex_op_write_evict_normal_lookup_hit.sum,lts__t_sectors_srcunit_tex_op_write_evict_normal_lookup_miss.sum","lts__t_requests.sum,lts__t_requests_srcunit_tex.sum,lts__t_requests_srcunit_tex_op_atom_dot_alu.sum,lts__t_requests_srcunit_tex_op_atom_dot_cas.sum,lts__t_requests_srcunit_tex_op_read.sum,lts__t_requests_srcunit_tex_op_red.sum,lts__t_requests_srcunit_tex_op_write.sum,lts__t_sectors.avg.pct_of_peak_sustained_elapsed,lts__t_sectors.avg.peak_sustained,lts__t_sectors.avg.per_cycle_elapsed,lts__t_sectors.sum,lts__t_sectors.sum.per_second,lts__t_sectors_aperture_device_lookup_miss.sum,lts__t_sectors_aperture_peer_lookup_miss.sum,lts__t_sectors_aperture_sysmem_lookup_miss.sum,lts__t_sectors_data_ecc.avg.pct_of_peak_sustained_elapsed,lts__t_sectors_data_ecc.avg.peak_sustained,lts__t_sectors_data_ecc.avg.per_cycle_elapsed,lts__t_sectors_data_ecc.sum,lts__t_sectors_data_ecc.sum.per_second,lts__t_sectors_lookup_hit.sum,lts__t_sectors_lookup_miss.sum,lts__t_sectors_srcunit_tex.avg.pct_of_peak_sustained_elapsed,lts__t_sectors_srcunit_tex.avg.peak_sustained,lts__t_sectors_srcunit_tex.avg.per_cycle_elapsed,lts__t_sectors_srcunit_tex.sum,lts__t_sectors_srcunit_tex.sum.per_second,lts__t_sectors_srcunit_tex_aperture_device_lookup_miss.sum,lts__t_sectors_srcunit_tex_aperture_device_op_atom_dot_alu_lookup_miss.sum,lts__t_sectors_srcunit_tex_aperture_device_op_atom_dot_cas_lookup_miss.sum,lts__t_sectors_srcunit_tex_aperture_device_op_read_lookup_miss.sum,lts__t_sectors_srcunit_tex_aperture_device_op_red_lookup_miss.sum,lts__t_sectors_srcunit_tex_aperture_device_op_write_lookup_miss.sum,lts__t_sectors_srcunit_tex_aperture_peer_lookup_miss.sum,lts__t_sectors_srcunit_tex_aperture_peer_op_atom_dot_alu_lookup_miss.sum,lts__t_sectors_srcunit_tex_aperture_peer_op_atom_dot_cas_lookup_miss.sum,lts__t_sectors_srcunit_tex_aperture_peer_op_read_lookup_miss.sum,lts__t_sectors_srcunit_tex_aperture_peer_op_red_lookup_miss.sum,lts__t_sectors_srcunit_tex_aperture_peer_op_write_lookup_miss.sum,lts__t_sectors_srcunit_tex_aperture_sysmem_lookup_miss.sum,lts__t_sectors_srcunit_tex_aperture_sysmem_op_atom_dot_alu_lookup_miss.sum,lts__t_sectors_srcunit_tex_aperture_sysmem_op_atom_dot_cas_lookup_miss.sum,lts__t_sectors_srcunit_tex_aperture_sysmem_op_read_lookup_miss.sum,lts__t_sectors_srcunit_tex_aperture_sysmem_op_red_lookup_miss.sum,lts__t_sectors_srcunit_tex_aperture_sysmem_op_write_lookup_miss.sum,lts__t_sectors_srcunit_tex_lookup_hit.sum,lts__t_sectors_srcunit_tex_lookup_miss.sum,lts__t_sectors_srcunit_tex_op_atom_dot_alu.avg.pct_of_peak_sustained_elapsed,lts__t_sectors_srcunit_tex_op_atom_dot_alu.avg.peak_sustained,lts__t_sectors_srcunit_tex_op_atom_dot_alu.avg.per_cycle_elapsed,lts__t_sectors_srcunit_tex_op_atom_dot_alu.sum,lts__t_sectors_srcunit_tex_op_atom_dot_alu.sum.per_second,lts__t_sectors_srcunit_tex_op_atom_dot_alu_lookup_hit.sum,lts__t_sectors_srcunit_tex_op_atom_dot_alu_lookup_miss.sum,lts__t_sectors_srcunit_tex_op_atom_dot_cas.avg.pct_of_peak_sustained_elapsed,lts__t_sectors_srcunit_tex_op_atom_dot_cas.avg.peak_sustained,lts__t_sectors_srcunit_tex_op_atom_dot_cas.avg.per_cycle_elapsed,lts__t_sectors_srcunit_tex_op_atom_dot_cas.sum,lts__t_sectors_srcunit_tex_op_atom_dot_cas.sum.per_second,lts__t_sectors_srcunit_tex_op_atom_dot_cas_lookup_hit.sum,lts__t_sectors_srcunit_tex_op_atom_dot_cas_lookup_miss.sum,lts__t_sectors_srcunit_tex_op_read.avg.pct_of_peak_sustained_elapsed,lts__t_sectors_srcunit_tex_op_read.avg.peak_sustained,lts__t_sectors_srcunit_tex_op_read.avg.per_cycle_elapsed,lts__t_sectors_srcunit_tex_op_read.sum,lts__t_sectors_srcunit_tex_op_read.sum.per_second,lts__t_sectors_srcunit_tex_op_read_lookup_hit.sum,lts__t_sectors_srcunit_tex_op_read_lookup_miss.sum,lts__t_sectors_srcunit_tex_op_red.avg.pct_of_peak_sustained_elapsed,lts__t_sectors_srcunit_tex_op_red.avg.peak_sustained,lts__t_sectors_srcunit_tex_op_red.avg.per_cycle_elapsed,lts__t_sectors_srcunit_tex_op_red.sum,lts__t_sectors_srcunit_tex_op_red.sum.per_second,lts__t_sectors_srcunit_tex_op_red_lookup_hit.sum,lts__t_sectors_srcunit_tex_op_red_lookup_miss.sum,lts__t_sectors_srcunit_tex_op_write.avg.pct_of_peak_sustained_elapsed,lts__t_sectors_srcunit_tex_op_write.avg.peak_sustained,lts__t_sectors_srcunit_tex_op_write.avg.per_cycle_elapsed,lts__t_sectors_srcunit_tex_op_write.sum,lts__t_sectors_srcunit_tex_op_write.sum.per_second,lts__t_sectors_srcunit_tex_op_write_lookup_hit.sum,lts__t_sectors_srcunit_tex_op_write_lookup_miss.sum","l1tex__data_bank_conflicts_pipe_lsu_mem_shared.sum,l1tex__data_bank_conflicts_pipe_lsu_mem_shared_op_atom.sum,l1tex__data_bank_conflicts_pipe_lsu_mem_shared_op_ld.sum,l1tex__data_bank_conflicts_pipe_lsu_mem_shared_op_st.sum,l1tex__data_pipe_lsu_wavefronts_mem_shared.sum,l1tex__data_pipe_lsu_wavefronts_mem_shared.sum.pct_of_peak_sustained_elapsed,l1tex__data_pipe_lsu_wavefronts_mem_shared_op_atom.sum,l1tex__data_pipe_lsu_wavefronts_mem_shared_op_atom.sum.pct_of_peak_sustained_elapsed,l1tex__data_pipe_lsu_wavefronts_mem_shared_op_ld.sum,l1tex__data_pipe_lsu_wavefronts_mem_shared_op_ld.sum.pct_of_peak_sustained_elapsed,l1tex__data_pipe_lsu_wavefronts_mem_shared_op_st.sum,l1tex__data_pipe_lsu_wavefronts_mem_shared_op_st.sum.pct_of_peak_sustained_elapsed,smsp__inst_executed_op_ldgsts.sum,smsp__inst_executed_op_ldsm.sum,smsp__inst_executed_op_shared_atom.sum,smsp__sass_inst_executed_op_shared_ld.sum,smsp__sass_inst_executed_op_shared_st.sum,smsp__sass_l1tex_data_bank_conflicts_pipe_lsu_mem_shared_op_ldgsts.sum,smsp__sass_l1tex_data_bank_conflicts_pipe_lsu_mem_shared_op_st.sum,smsp__sass_l1tex_data_pipe_lsu_wavefronts_mem_shared_op_ldgsts.sum,smsp__sass_l1tex_data_pipe_lsu_wavefronts_mem_shared_op_ldgsts.sum.pct_of_peak_sustained_elapsed,smsp__sass_l1tex_data_pipe_lsu_wavefronts_mem_shared_op_st.sum,smsp__sass_l1tex_data_pipe_lsu_wavefronts_mem_shared_op_st.sum.pct_of_peak_sustained_elapsed","smsp__pcsamp_warps_issue_stalled_barrier,smsp__pcsamp_warps_issue_stalled_branch_resolving,smsp__pcsamp_warps_issue_stalled_dispatch_stall,smsp__pcsamp_warps_issue_stalled_drain,smsp__pcsamp_warps_issue_stalled_imc_miss,smsp__pcsamp_warps_issue_stalled_lg_throttle,smsp__pcsamp_warps_issue_stalled_long_scoreboard,smsp__pcsamp_warps_issue_stalled_math_pipe_throttle,smsp__pcsamp_warps_issue_stalled_membar,smsp__pcsamp_warps_issue_stalled_mio_throttle,smsp__pcsamp_warps_issue_stalled_misc,smsp__pcsamp_warps_issue_stalled_no_instructions,smsp__pcsamp_warps_issue_stalled_not_selected,smsp__pcsamp_warps_issue_stalled_selected,smsp__pcsamp_warps_issue_stalled_short_scoreboard,smsp__pcsamp_warps_issue_stalled_sleeping,smsp__pcsamp_warps_issue_stalled_tex_throttle,smsp__pcsamp_warps_issue_stalled_wait","smsp__pcsamp_warps_issue_stalled_barrier_not_issued,smsp__pcsamp_warps_issue_stalled_branch_resolving_not_issued,smsp__pcsamp_warps_issue_stalled_dispatch_stall_not_issued,smsp__pcsamp_warps_issue_stalled_drain_not_issued,smsp__pcsamp_warps_issue_stalled_imc_miss_not_issued,smsp__pcsamp_warps_issue_stalled_lg_throttle_not_issued,smsp__pcsamp_warps_issue_stalled_long_scoreboard_not_issued,smsp__pcsamp_warps_issue_stalled_math_pipe_throttle_not_issued,smsp__pcsamp_warps_issue_stalled_membar_not_issued,smsp__pcsamp_warps_issue_stalled_mio_throttle_not_issued,smsp__pcsamp_warps_issue_stalled_misc_not_issued,smsp__pcsamp_warps_issue_stalled_no_instructions_not_issued,smsp__pcsamp_warps_issue_stalled_not_selected_not_issued,smsp__pcsamp_warps_issue_stalled_selected_not_issued,smsp__pcsamp_warps_issue_stalled_short_scoreboard_not_issued,smsp__pcsamp_warps_issue_stalled_sleeping_not_issued,smsp__pcsamp_warps_issue_stalled_tex_throttle_not_issued,smsp__pcsamp_warps_issue_stalled_wait_not_issued",0,0,0,0,"136,704 {87}","25,566.41","37,694",0,"1,176,055","39,770.57","39,773","39,768","1,829,446",0,0,0,0,0.92,1.33,0,0.92,0.53,0.76,0,0.53,2.84,4.15,0,2.84,512,0.03,0,0,0,0,0,0,0,0,0,0,0,0,0,0,1.83,2.64,0,1.83,"33,536",1.83,5.49,7.89,0,5.49,3.82,5.50,0.01,3.82,2.13,3.64,102.40,0,0,0,0,"66,560",3.64,0,0,0,0,0,0,360.45,0.62,17.33,0.62,0.89,0,0.62,0,0,"11,264",0.62,0,0,0,0,0,0,0,0,"33,024",1.81,0,0,"16,640",0.91,0,0,0,0,0,0,0,0,0,0,0,0,0,0,0,0,"33,024",1.81,0,0,"16,640",0.91,0,0,0,0,0,0,0,0,0,0,0,0,0,0,92.47,0,86.42,0,100,0,0,0,0,0,0,0,0,0,0,"82,944","71,680","11,264",0,0,0,"66,560","66,560",0,0,0,0,0,0,0,0,0,0,0,0,0,0,0,0,0,0,0,0,0,0,0,0,0,0,0,0.03,0.03,0.03,0.03,8.53,7.64,12.27,10.99,5.49,5.49,8.53,7.64,32,8,1,256,1,0,CachePreferNone,"30,077,761,280",4,8,1,32,0,24,10,16,6,"2,484 {65}","4,976 {257}","1,176 {200}",24,"6,144",16.38,1.02,1.02,1.02,0,0,46,7,"8,192",0,0,0,0.12,0,0,"15,564.67","18,545","12,387","280,164","35,421","35,421","35,421","637,578",0,0,0,0,3.18,3.55,2.63,3.18,0.72,0.84,0.60,0.72,0,0,0,0,0,0,0,0,0,0,1.12,1.60,0.80,1.12,"21,696","20,992",0,0,"4,352",0,"16,640",95.03,72.29,100,"4,463.44",6.30,2,0.13,"4,988",7.04,"3,696",5.22,"80,342",6.30,3.86,"5,492",0,0,0,8,0,0,0,281,0,0,0,0,0,"75,817","2,676","76,350","2,948",6.10,2,0.12,6.78,5.10,"77,824",6.10,3.74,"2,560",0,0,"2,560",0,0,0,0,0,0,0,0,0,0,0,0,0,0,0,0,0,0,0,0,0,0,0,0,0,0,0,0,0,0,0,0,0,0,0,0,0,0,"75,264","2,560","75,264",142.22,160,112,"2,560",0,1,0,0,0,0,0,0,1,0,0,0,0,0,0,0,0,0,0,0,0.88,2,0.02,"11,264",541.54,0,0,0,0,0,0,"8,704","2,560","8,704","2,560",0,1,0,0,0,0,0,10.44,1,0.10,"66,560",3.20,0,0,0,0,0,0,"66,560",0,"66,560",0,3.45,3.98,2.78,3.45,11.30,12.77,9.41,11.30,11.30,12.77,9.41,11.30,0 {17},0 {17},"49,664 {17}",0,0,"149,504 {17}","149,504 {17}",0,0 {17},1,1,1,1,0,0,0,0,0,0,0,0,1,0,0,0,0,0,0,0,0,0,0,0,24.62,24.62,24.62,24.62,590.77,590.77,590.77,590.77,0 {283},0,4 {2},51 {2},1 {2},0 {2},2 {2},8.54,8.54,8.54,324.38,8.54,8.54,8.54,324.38,38,0,1,1,1,1,"33,024","16,640",0,0,"136,704 {13}","136,704 {21}","136,704 {14}",0,0,"4,341,760 {13}","4,341,760 {21}","4,341,760 {14}","25,566.41","37,694",0,"1,176,055","39,770.57",1.91,"39,773",1.91,"39,768",1.91,"1,829,446",87.95,1.87,0.12,0.07,2.69,0.17,0.11,0,0,0,1.87,5.35,3.44,0.09,0.06,0.13,0.08,0,0,0.09,0.06,1.88,2.71,0,1.88,0.02,0.02,0,0.02,0.01,0.02,0,0.01,0.77,1.11,0,0.77,0,0,0,0,0,0,0,0,0,0,0,0,0,0,0,0,8.53,5.49,12.27,7.89,0,0,8.53,5.49,0,0,0,0,0,0,0,0,0,0,0,0,0,0,0,0,0.01,0.01,0.02,0.01,0,0,0.01,0.01,0,0,0,0,0,0,0,0,2.94,0.12,4.23,0.17,0,0,2.94,5.41,2.94,4.23,0,2.94,0,0,0,0,1.89,2.72,0,1.89,48,100,5.49,7.89,0,5.49,0,0,0,0,0.93,1.34,0,0.93,1.85,2.66,0,1.85,0.91,1.31,0,0.91,0.91,1.31,0,0.91,1.88,1.21,2.71,1.74,0,0,1.88,1.21,0.88,0.56,1.26,0.81,0,0,0.88,0.56,0.67,0.97,0,0.67,0,0,0,0,0,0,0,0,0,0,0,0,0,0,0,0,0,0,0,0,0,0,0,0,0,0,0,0,0,0,0,0,0,0,0,0,0,0,0,0,0,0,0,0,2,2,2,92,128,128,128,"5,888",7.89,0,5.49,16.68,8.01,24.27,11.65,0,0,16.68,368.28,68.76,69.54,0,0.10,0.14,0.01,1.49,0.21,63.49,0.03,0,0,0.00,0.21,0.13,1.00,0.04,0,0,1.99,0 {3},"25,668.70","37,825",0,"4,723,040","39,770.57",1.91,"39,773",1.91,"39,768",1.91,"7,317,784",351.82,742.96,"1,068",0,"136,704",27.83,40,0,"5,120",0,0,0,0,0,0,0,0,0,0,0,0,0,0,0,0,0,0,0,0,0,0,0,0,751.38,"1,082",0,"138,254",2.93,0.03,4.22,0.04,0,0,2.93,5.39,97.07,143.14,0,97.07,12,2,33.55,0,5,"1,024","1,149 {33}",0 {33},0 {33},1 {33},1 {33},1 {33},0 {33},0 {33},0 {33},26 {33},26 {33},5 {33},3 {33},"1,060 {33}","1,054 {33}",0 {33},0 {33},0 {33},0 {33},0 {33},0 {33},0 {33},0 {33},3 {33},3 {33},5 {33},0 {33},15 {33},0 {33},0 {33},0 {33},0 {33},0 {33},0 {33},0 {33},33 {33},26 {33},100,32,26.47,32,32,32,0,32,0,0,0,0,0,0 {17},0 {17},0 {17},0 {17},0 {17},0 {17},0 {17},"33,024","16,640",0,0,0,0,0,0,0,0,0,0,0,0,0,0,0,0,0,0,0,0,0,0,0,0,0,0,0,0,0,0,0.07,0.10,0,13.18,0.00,0.00,0,0.21,32,31.76,12,2.01,12,2.91,12,0,"2,208",370.35,0.03,0.05,0,6.11,"4,374,528 {87}","4,341,760 {87}"
